[np.array([[ 9.52522140e-01, -1.18418983e-02,  5.84545719e+00],
       [ 1.15266773e-02,  9.67539509e-01, -1.38084592e+00],
       [-1.19395468e-04, -4.31036898e-05,  1.00000000e+00]]),
np.array([[ 1.03723916e+00,  2.10684982e-02, -6.14097337e+00],
       [ 1.45510281e-02,  1.03177713e+00, -3.70252321e+00],
       [ 3.74419937e-05,  1.17268077e-04,  1.00000000e+00]]),
np.array([[ 9.12083835e-01,  8.86416578e-04,  7.75311342e+00],
       [-1.92316254e-02,  9.56474909e-01,  3.39490350e+00],
       [-2.41467933e-04,  7.56001994e-08,  1.00000000e+00]]),
np.array([[ 1.00480989e+00, -1.32639969e-03, -1.64023518e-01],
       [ 9.97725068e-04,  1.00446853e+00, -3.58885061e-01],
       [ 1.92297822e-05,  2.04332067e-06,  1.00000000e+00]]),
np.array([[ 1.02851273e+00,  5.68666038e-03, -2.53256735e+00],
       [ 1.14751761e-02,  1.02155632e+00, -2.26320454e+00],
       [ 8.61291171e-05,  3.00679219e-05,  1.00000000e+00]]),
np.array([[ 1.06906935e+00, -2.85314338e-03, -5.72701272e+00],
       [ 2.06787267e-02,  1.03287962e+00, -3.31926757e+00],
       [ 2.09969774e-04, -1.46352736e-05,  1.00000000e+00]]),
np.array([[ 1.03534497e+00, -4.61820183e-03, -3.47138144e+00],
       [ 8.93078854e-03,  1.01242833e+00, -1.47467128e+00],
       [ 8.74878497e-05, -1.88540909e-05,  1.00000000e+00]]),
np.array([[ 9.96324384e-01, -5.16545144e-04,  1.67648685e-01],
       [ 6.95052795e-04,  9.97947404e-01, -1.04460863e-01],
       [-1.56677990e-05,  8.39955814e-06,  1.00000000e+00]]),
np.array([[ 9.92294478e-01, -8.71370493e-03,  8.24661492e-01],
       [ 3.31627345e-03,  9.86779170e-01, -2.56458427e-02],
       [-8.57744744e-06, -5.63377810e-05,  1.00000000e+00]]),
np.array([[ 1.00234271e+00, -2.56393214e-03, -4.14116346e-01],
       [ 1.96808465e-03,  9.98763541e-01, -2.82389941e-01],
       [ 7.00428349e-06, -2.12969210e-05,  1.00000000e+00]]),
np.array([[ 1.02314976e+00,  1.42484261e-03, -2.00480326e+00],
       [ 8.72959294e-03,  1.01456260e+00, -1.58428014e+00],
       [ 7.08587860e-05,  1.08030068e-05,  1.00000000e+00]]),
np.array([[ 9.92183852e-01,  2.21430666e-03,  3.46137680e-01],
       [-4.12107663e-03,  9.97538213e-01,  6.84191844e-01],
       [-2.92575693e-05,  1.04990848e-05,  1.00000000e+00]]),
np.array([[ 1.01197976e+00,  1.18258208e-02, -1.74819257e+00],
       [-1.49661355e-03,  1.01745360e+00, -2.86762087e-01],
       [ 1.48593923e-05,  7.20216495e-05,  1.00000000e+00]]),
np.array([[ 9.79004866e-01,  1.99520775e-03,  1.53803768e+00],
       [-8.57347327e-03,  9.92672190e-01,  1.34835959e+00],
       [-6.45058195e-05,  1.52836816e-05,  1.00000000e+00]]),
np.array([[ 9.79726157e-01, -1.11993281e-02,  1.81263066e+00],
       [-3.28867816e-03,  9.78623421e-01,  1.15447930e+00],
       [-4.67104514e-05, -6.53475131e-05,  1.00000000e+00]]),
np.array([[ 1.00408243e+00, -4.06439924e-03, -3.44767070e-01],
       [ 1.70293777e-04,  9.98755028e-01,  8.07227586e-02],
       [ 2.52854725e-05, -2.89157878e-05,  1.00000000e+00]]),
np.array([[ 9.86562246e-01,  8.60602780e-03,  2.56262334e-02],
       [-8.35851549e-03,  9.98701393e-01,  1.07810332e+00],
       [-6.11397286e-05,  4.91291935e-05,  1.00000000e+00]]),
np.array([[ 9.60163616e-01, -5.49693213e-03,  3.04761151e+00],
       [-1.16235852e-02,  9.74248641e-01,  2.20439500e+00],
       [-1.19596813e-04, -2.69623934e-05,  1.00000000e+00]]),
np.array([[ 9.74234680e-01, -8.18897162e-04,  1.19463789e+00],
       [-1.34028844e-02,  9.82244569e-01,  2.22896885e+00],
       [-9.79740318e-05, -9.98323392e-06,  1.00000000e+00]]),
np.array([[ 1.02936720e+00,  6.58506507e-03, -2.75229630e+00],
       [ 9.21366577e-03,  1.02287802e+00, -1.91525015e+00],
       [ 8.46427369e-05,  4.56999993e-05,  1.00000000e+00]]),
np.array([[ 9.18771819e-01, -8.52316400e-03,  5.98749360e+00],
       [-2.51752120e-02,  9.46531267e-01,  4.57905842e+00],
       [-2.55325231e-04, -5.32474586e-05,  1.00000000e+00]]),
np.array([[ 9.76539620e-01, -6.28854475e-03,  1.49724893e+00],
       [-6.99357319e-03,  9.79903249e-01,  1.41412526e+00],
       [-6.89009037e-05, -5.08250974e-05,  1.00000000e+00]]),
np.array([[ 9.87088521e-01,  8.25536374e-03, -1.27170808e-01],
       [-7.76128516e-03,  9.97128377e-01,  1.04514303e+00],
       [-6.76295674e-05,  5.27032551e-05,  1.00000000e+00]]),
np.array([[ 9.93853575e-01, -1.19959117e-02,  9.82357549e-01],
       [ 1.13457613e-03,  9.90935275e-01,  1.21814086e-01],
       [ 1.48408068e-05, -6.58131917e-05,  1.00000000e+00]]),
np.array([[ 1.00292899e+00,  4.17973949e-03, -1.82583418e+00],
       [-2.30829630e-03,  1.00087450e+00,  2.03258811e-01],
       [-2.24073672e-05,  2.05122141e-05,  1.00000000e+00]]),
np.array([[ 9.91847412e-01,  2.18759988e-03,  2.55626774e-01],
       [-2.47245039e-03,  1.00132714e+00,  1.46228407e-01],
       [-3.31905272e-05,  3.60886058e-05,  1.00000000e+00]]),
np.array([[ 9.81544825e-01, -6.52274799e-03,  9.61785232e-01],
       [-7.49507087e-03,  9.80235451e-01,  1.83745665e+00],
       [-3.97785478e-05, -6.33993046e-05,  1.00000000e+00]]),
np.array([[ 1.01478806e+00,  2.00209531e-03, -1.68131220e+00],
       [ 7.44898959e-03,  1.01408102e+00, -1.43050802e+00],
       [ 4.38518919e-05,  2.67606616e-05,  1.00000000e+00]]),
np.array([[ 9.97102573e-01,  3.48055611e-05,  9.13852665e-03],
       [ 9.04317521e-05,  1.00484471e+00, -3.24935035e-01],
       [-6.24834650e-06,  1.97536267e-05,  1.00000000e+00]]),
np.array([[ 1.01367049e+00, -4.21277548e-04, -1.87758174e+00],
       [ 9.12568303e-04,  1.00265437e+00, -1.29204863e-02],
       [ 4.75342065e-05, -1.83196322e-05,  1.00000000e+00]]),
np.array([[ 9.81671191e-01,  2.95381303e-03,  8.70299256e-01],
       [-2.41575051e-03,  9.94024912e-01,  1.17014644e-01],
       [-5.39413226e-05,  1.14387546e-05,  1.00000000e+00]]),
np.array([[ 1.00612169e+00,  2.76514928e-03, -1.69045827e+00],
       [-2.10046719e-03,  1.00138390e+00,  1.01935721e-01],
       [-3.09296356e-06,  1.11557978e-05,  1.00000000e+00]]),
np.array([[ 9.63113367e-01, -1.26730415e-02,  3.02701559e+00],
       [-6.62791521e-03,  9.73740651e-01,  1.12696630e+00],
       [-1.19453067e-04, -3.96107222e-05,  1.00000000e+00]]),
np.array([[ 1.03055738e+00,  5.54275065e-03, -3.14074910e+00],
       [ 5.52236788e-03,  1.01722157e+00, -1.12344153e+00],
       [ 1.10480402e-04,  2.16257241e-06,  1.00000000e+00]]),
np.array([[ 9.86243652e-01,  7.45863804e-03, -3.57959795e-02],
       [-3.11025829e-03,  9.98331184e-01,  6.41770414e-02],
       [-6.07335437e-05,  3.74172298e-05,  1.00000000e+00]]),
np.array([[ 1.00465312e+00, -2.57765241e-03, -8.51821126e-01],
       [-9.07718521e-05,  1.00038683e+00, -1.62549196e-01],
       [ 8.27209936e-06, -1.10066449e-05,  1.00000000e+00]]),
np.array([[ 9.64754466e-01,  7.05715947e-03,  1.56777052e+00],
       [-1.11530607e-02,  9.84591953e-01,  1.43854087e+00],
       [-1.31581320e-04,  3.19544417e-05,  1.00000000e+00]]),
np.array([[ 1.01515483e+00, -2.37903195e-03, -1.57938440e+00],
       [ 5.61211425e-03,  1.00784211e+00, -1.22204557e+00],
       [ 5.84784753e-05, -2.01979300e-05,  1.00000000e+00]]),
np.array([[ 9.77519169e-01, -2.99985961e-03,  1.29671110e+00],
       [-1.31012991e-02,  9.83690044e-01,  2.10281103e+00],
       [-6.74790875e-05, -2.58134014e-05,  1.00000000e+00]]),
np.array([[ 1.00961971e+00, -3.46474407e-03, -1.26736702e+00],
       [ 9.73315315e-03,  1.00702762e+00, -2.07186933e+00],
       [ 2.67298372e-05,  3.73717813e-07,  1.00000000e+00]]),
np.array([[ 9.77715807e-01,  5.59291503e-04,  3.72513423e-01],
       [-1.48595419e-02,  9.85367801e-01,  2.00767022e+00],
       [-8.22242277e-05, -9.84030659e-06,  1.00000000e+00]]),
np.array([[ 1.04412309e+00,  8.54596871e-03, -4.69696022e+00],
       [ 1.68433254e-02,  1.03127529e+00, -3.43187016e+00],
       [ 1.53417821e-04,  2.97017821e-05,  1.00000000e+00]]),
np.array([[ 9.44980841e-01, -1.58768123e-02,  4.12699652e+00],
       [-1.00560129e-02,  9.61014616e-01,  1.87220024e+00],
       [-1.63290900e-04, -6.36518712e-05,  1.00000000e+00]]),
np.array([[ 9.76045561e-01, -5.64310172e-03,  1.75577389e-02],
       [-9.98644655e-03,  9.77588231e-01,  1.59522009e+00],
       [-8.04417240e-05, -7.40301108e-05,  1.00000000e+00]]),
np.array([[ 9.92267081e-01,  8.88541088e-03, -2.87242062e-01],
       [-5.35709356e-03,  1.01034214e+00,  1.28028558e-01],
       [-3.02029299e-05,  7.80126892e-05,  1.00000000e+00]]),
np.array([[ 9.89045411e-01,  3.04308485e-03, -1.36353973e+00],
       [-2.54902102e-03,  9.92018893e-01,  2.09402702e-01],
       [-7.52327262e-05,  1.00569751e-05,  1.00000000e+00]]),
np.array([[ 9.77319623e-01, -8.43903265e-03,  1.25776662e+00],
       [-4.77999432e-03,  9.82580642e-01,  1.12167513e+00],
       [-5.01167120e-05, -5.47336101e-05,  1.00000000e+00]]),
np.array([[ 1.08080436e+00,  1.67223054e-03, -6.54236057e+00],
       [ 2.06545354e-02,  1.04933409e+00, -3.39314016e+00],
       [ 2.76509136e-04,  3.63297150e-05,  1.00000000e+00]]),
np.array([[ 9.69579688e-01, -1.13410592e-03,  9.66319124e-01],
       [-5.70023141e-03,  9.83668231e-01,  9.63276545e-01],
       [-1.05191382e-04, -1.25957553e-05,  1.00000000e+00]]),
np.array([[ 1.01514373e+00,  4.46603317e-03, -2.31037926e+00],
       [ 8.05512487e-03,  1.01194584e+00, -1.20446260e+00],
       [ 4.60752444e-05,  3.19167453e-05,  1.00000000e+00]]),
np.array([[ 1.01654308e+00, -1.60411120e-02, -1.85725337e+00],
       [-3.41726975e-03,  9.91537214e-01,  1.18775908e+00],
       [ 5.48071415e-05, -8.38488133e-05,  1.00000000e+00]]),
np.array([[ 9.72787865e-01,  3.68329508e-03,  3.54542541e-01],
       [-6.03859209e-03,  9.91164216e-01,  5.21283510e-01],
       [-1.09539218e-04,  3.22883452e-05,  1.00000000e+00]]),
np.array([[ 1.03306608e+00,  4.27336680e-04, -3.70447625e+00],
       [ 1.13497392e-02,  1.01694813e+00, -1.77266582e+00],
       [ 1.39162716e-04, -2.25088118e-05,  1.00000000e+00]]),
np.array([[ 9.75898586e-01, -1.09930239e-03,  5.63938229e-02],
       [-1.07293704e-02,  9.86201458e-01,  1.15670412e+00],
       [-1.13357291e-04,  6.49200517e-06,  1.00000000e+00]]),
np.array([[ 1.00122789e+00, -5.91414218e-03, -9.54386441e-01],
       [ 4.43894151e-03,  1.00037484e+00, -8.45196566e-01],
       [ 2.07371115e-05, -1.70660884e-05,  1.00000000e+00]]),
np.array([[ 1.00155794e+00,  8.31615188e-03, -1.78718854e+00],
       [-1.40617499e-03,  1.00786825e+00, -3.65029866e-01],
       [-1.40173697e-05,  5.06021162e-05,  1.00000000e+00]]),
np.array([[ 9.92328071e-01, -9.66612087e-03, -2.28797653e-01],
       [ 2.58992308e-03,  9.92898156e-01, -3.31272664e-01],
       [-1.73360931e-05, -2.30874222e-05,  1.00000000e+00]]),
np.array([[ 9.99549767e-01, -7.71010913e-03, -9.82250196e-01],
       [-2.78822052e-03,  9.89532857e-01,  7.40866520e-01],
       [ 5.54748400e-06, -6.12336326e-05,  1.00000000e+00]]),
np.array([[ 9.85622970e-01,  4.10175164e-03, -4.71532316e-01],
       [-9.47377123e-04,  1.00230487e+00, -4.09326028e-01],
       [-7.03541819e-05,  4.45083204e-05,  1.00000000e+00]]),
np.array([[ 9.73051269e-01, -4.75411111e-03,  1.52232074e+00],
       [-2.96586660e-04,  9.86196871e-01,  3.77501629e-01],
       [-6.31539249e-05, -2.69136099e-05,  1.00000000e+00]]),
np.array([[ 9.76719363e-01, -7.14228615e-03, -8.31635326e-02],
       [-1.45670025e-02,  9.79312117e-01,  2.07499419e+00],
       [-1.33140447e-04, -1.22460544e-05,  1.00000000e+00]]),
np.array([[ 9.99819769e-01, -4.31918947e-03, -9.01018231e-01],
       [ 1.41804491e-02,  9.93294911e-01, -1.08984182e+00],
       [ 3.91723762e-05, -5.45065386e-05,  1.00000000e+00]]),
np.array([[ 1.04330175e+00,  6.35759635e-03, -3.80867456e+00],
       [ 6.78108981e-03,  1.04242891e+00, -1.86458824e+00],
       [ 1.57102394e-04,  9.85752639e-05,  1.00000000e+00]]),
np.array([[ 9.79508243e-01,  4.72515836e-04, -2.75337381e-01],
       [-2.08879753e-03,  9.91418110e-01,  2.71394630e-01],
       [-8.11930279e-05,  4.88958353e-06,  1.00000000e+00]]),
np.array([[ 1.01723780e+00, -2.19362979e-02, -1.37429608e+00],
       [ 7.07721102e-03,  9.84647128e-01,  4.14002183e-01],
       [ 1.31068860e-04, -1.61771189e-04,  1.00000000e+00]]),
np.array([[ 1.02948591e+00,  5.30787532e-03, -3.81965712e+00],
       [ 1.23323139e-02,  1.02321759e+00, -2.06816501e+00],
       [ 8.46149650e-05,  4.81030819e-05,  1.00000000e+00]]),
np.array([[ 9.47192555e-01, -9.34681878e-03,  1.13253675e+00],
       [-3.05303313e-02,  9.55423578e-01,  4.30028790e+00],
       [-2.76989105e-04, -4.56361170e-05,  1.00000000e+00]]),
np.array([[ 9.80820370e-01, -9.55235883e-03,  1.16372213e+00],
       [ 2.21320813e-03,  9.89856480e-01,  3.73352277e-01],
       [ 9.42335933e-06, -6.96869115e-05,  1.00000000e+00]]),
np.array([[ 9.87627936e-01,  3.47768485e-03, -9.95687234e-01],
       [-5.05864051e-03,  9.96502223e-01,  4.10688544e-01],
       [-9.02438583e-05,  3.40994496e-05,  1.00000000e+00]]),
np.array([[ 1.01791235e+00,  6.89050580e-03, -2.59823558e+00],
       [ 3.88681152e-03,  1.02077806e+00, -7.41137221e-01],
       [ 5.46843045e-05,  6.64990900e-05,  1.00000000e+00]]),
np.array([[ 1.00961438e+00,  7.19200080e-03, -1.74140449e+00],
       [ 3.41915049e-03,  1.01548512e+00, -6.04683435e-01],
       [ 3.84716285e-05,  5.45783792e-05,  1.00000000e+00]]),
np.array([[ 9.91276586e-01, -1.17789217e-02, -1.06302483e-01],
       [ 6.89565486e-04,  9.82920177e-01,  8.55085795e-01],
       [-1.07939416e-05, -7.78530132e-05,  1.00000000e+00]]),
np.array([[ 9.79726481e-01,  5.85985504e-03, -3.80607683e-01],
       [-4.92641862e-03,  9.94316386e-01,  5.99863962e-01],
       [-6.63146025e-05,  2.57495414e-06,  1.00000000e+00]]),
np.array([[ 1.00690569e+00, -4.60164119e-03, -1.26967241e+00],
       [ 2.73365487e-03,  9.99559297e-01,  3.87251614e-02],
       [ 3.71445779e-05, -1.86228772e-05,  1.00000000e+00]]),
np.array([[ 1.00896396e+00,  2.40387617e-03, -2.41235953e+00],
       [ 1.53022332e-03,  1.00530558e+00, -4.70751075e-01],
       [-4.21069919e-06,  2.28681337e-05,  1.00000000e+00]]),
np.array([[ 1.01955455e+00,  2.78128368e-03, -2.12445240e+00],
       [ 7.08442871e-03,  1.01723844e+00, -1.07845400e+00],
       [ 8.10814937e-05,  4.12172558e-05,  1.00000000e+00]]),
np.array([[ 9.40269107e-01, -1.55008952e-03,  1.96107144e+00],
       [-2.05776925e-02,  9.67491288e-01,  2.55482603e+00],
       [-2.47830600e-04, -2.62363362e-05,  1.00000000e+00]]),
np.array([[ 9.81375709e-01, -2.25964791e-03, -3.91918893e-02],
       [-8.90359315e-03,  9.88476974e-01,  1.23602881e+00],
       [-8.49176926e-05, -1.23733780e-05,  1.00000000e+00]]),
np.array([[ 1.02348294e+00, -2.32771476e-03, -1.96906401e+00],
       [ 1.42711022e-02,  1.01476498e+00, -1.32167762e+00],
       [ 1.26040894e-04,  3.21788847e-06,  1.00000000e+00]]),
np.array([[ 9.68286994e-01, -5.90410168e-03,  7.83263779e-01],
       [-1.35178062e-02,  9.80834671e-01,  1.61398084e+00],
       [-1.78006833e-04, -4.60975634e-06,  1.00000000e+00]]),
np.array([[ 1.00174572e+00, -2.94930480e-03, -9.87291016e-01],
       [ 1.71024881e-03,  1.00023556e+00,  3.24111069e-03],
       [-2.02146845e-07,  1.61318515e-07,  1.00000000e+00]]),
np.array([[ 9.84552596e-01,  6.17875755e-03,  7.07467169e-02],
       [ 9.52565260e-04,  1.00764184e+00, -6.48855360e-01],
       [-5.16587473e-05,  5.50510328e-05,  1.00000000e+00]]),
np.array([[ 1.01916264e+00, -1.24055049e-02, -9.57044230e-01],
       [ 1.28341822e-02,  9.98203421e-01, -2.35397585e-01],
       [ 1.46991021e-04, -7.00516237e-05,  1.00000000e+00]]),
np.array([[ 1.00044781e+00,  1.80424562e-03, -1.37537201e+00],
       [ 3.95991588e-03,  9.97931942e-01, -4.51287287e-01],
       [-3.76492908e-05,  1.13902936e-05,  1.00000000e+00]]),
np.array([[ 9.94372731e-01, -8.65468680e-03, -3.61100988e-01],
       [-5.13853132e-04,  9.88109446e-01,  3.73620430e-01],
       [-2.73381287e-05, -5.35597256e-05,  1.00000000e+00]]),
np.array([[ 9.52577747e-01,  4.42401853e-03,  1.93516855e+00],
       [-1.48180293e-02,  9.87202106e-01,  1.38961905e+00],
       [-1.79235648e-04,  4.62094309e-05,  1.00000000e+00]]),
np.array([[ 9.95964079e-01, -5.76693538e-03, -4.20289495e-01],
       [ 4.74026933e-03,  9.95682152e-01, -2.16840555e-01],
       [ 2.28319800e-06, -3.48582858e-05,  1.00000000e+00]]),
np.array([[ 9.98765376e-01,  4.30113882e-03, -1.44192289e+00],
       [-9.77950114e-03,  1.00719369e+00,  4.13070090e-01],
       [-8.21082011e-05,  6.89798268e-05,  1.00000000e+00]]),
np.array([[ 1.00208345e+00, -3.15860216e-03, -7.15598713e-01],
       [ 2.59066112e-03,  9.98788045e-01,  1.07163214e-01],
       [ 3.99597749e-05, -3.05582103e-05,  1.00000000e+00]]),
np.array([[ 9.83478190e-01,  4.82683962e-04,  1.47443535e-01],
       [-6.66287337e-03,  9.94018759e-01,  1.03281486e+00],
       [-5.88702650e-05,  7.87989256e-06,  1.00000000e+00]]),
np.array([[ 9.93305786e-01, -1.59288734e-03, -5.02419120e-01],
       [-3.66420991e-03,  9.95222811e-01,  4.93143372e-01],
       [-2.97546205e-05, -2.47630903e-05,  1.00000000e+00]]),
np.array([[ 1.03452132e+00,  7.09525058e-03, -3.03796190e+00],
       [ 2.44778344e-02,  1.01838719e+00, -2.11408940e+00],
       [ 1.59463606e-04,  2.38319541e-05,  1.00000000e+00]]),
np.array([[ 9.89713726e-01,  3.31431933e-03, -1.12422597e-01],
       [-8.52343767e-03,  1.00539075e+00,  5.88181665e-01],
       [-4.79713677e-05,  6.21177143e-05,  1.00000000e+00]]),
np.array([[ 1.01103629e+00,  3.65501169e-03, -1.56004339e+00],
       [ 5.62547389e-03,  1.00846868e+00, -8.06390984e-01],
       [ 4.79889536e-05,  1.02472411e-05,  1.00000000e+00]]),
np.array([[ 9.95374499e-01, -2.57351066e-03, -3.20185111e-01],
       [-2.17815562e-03,  9.98557127e-01,  5.58585157e-02],
       [-5.67776141e-06, -3.61576525e-06,  1.00000000e+00]]),
np.array([[ 1.01219207e+00,  3.26439328e-04, -1.12954244e+00],
       [ 7.94333558e-03,  1.01328582e+00, -1.16098870e+00],
       [ 5.83951629e-05,  3.28401756e-05,  1.00000000e+00]]),
np.array([[ 9.66040429e-01, -1.13054658e-02,  1.14184893e+00],
       [-1.50107035e-02,  9.65260907e-01,  2.15932995e+00],
       [-1.69145779e-04, -9.77683300e-05,  1.00000000e+00]]),
np.array([[ 1.02432407e+00,  1.27674456e-03, -1.39301442e+00],
       [ 1.71738470e-02,  1.02034370e+00, -1.62960799e+00],
       [ 1.57988104e-04,  4.90358082e-05,  1.00000000e+00]]),
np.array([[ 9.78287419e-01, -1.88793271e-03,  1.49131104e-01],
       [-1.22086273e-02,  9.84636600e-01,  1.32784125e+00],
       [-1.14979867e-04, -3.04173744e-05,  1.00000000e+00]]),
np.array([[ 9.66353734e-01, -8.17011223e-03,  1.79838913e+00],
       [-2.03123653e-02,  9.89006878e-01,  1.74685996e+00],
       [-1.43796350e-04,  6.77811766e-06,  1.00000000e+00]]),
np.array([[ 1.00378208e+00,  5.29994779e-03, -1.42747486e+00],
       [ 2.33528633e-04,  1.00580400e+00, -1.54680452e-01],
       [-4.48388240e-05,  4.68965683e-05,  1.00000000e+00]]),
np.array([[ 9.82562901e-01, -4.72519242e-03,  4.03768328e-01],
       [-1.82839369e-03,  9.86627460e-01,  6.31413152e-01],
       [-4.49400020e-05, -5.11568882e-05,  1.00000000e+00]]),
np.array([[ 1.00926894e+00, -4.77524042e-03, -5.04884379e-01],
       [ 6.61108872e-03,  1.00701557e+00, -5.83628762e-01],
       [ 7.63388894e-05,  5.52539350e-06,  1.00000000e+00]]),
np.array([[ 1.02136179e+00,  1.16719011e-02, -2.31806302e+00],
       [ 1.65082345e-02,  1.02658940e+00, -2.10008893e+00],
       [ 3.37124928e-05,  1.34324500e-04,  1.00000000e+00]]),
np.array([[ 9.78057436e-01, -5.52967010e-03,  4.82388391e-01],
       [-7.88860552e-03,  9.86021953e-01,  7.95603013e-01],
       [-9.34851016e-05, -4.37344531e-05,  1.00000000e+00]]),
np.array([[ 1.01701751e+00, -3.55334771e-03, -1.03389784e+00],
       [ 1.07473952e-02,  1.00751460e+00, -6.80967186e-01],
       [ 1.58610289e-04, -2.01564818e-05,  1.00000000e+00]]),
np.array([[ 9.93120389e-01, -8.41761261e-04, -6.43869253e-01],
       [-3.52813995e-03,  9.95522304e-01,  2.24278735e-01],
       [-7.87029598e-05,  1.08994402e-05,  1.00000000e+00]]),
np.array([[ 9.96039262e-01, -1.28453152e-03, -4.48024737e-01],
       [-3.18365283e-03,  9.98759116e-01,  3.79156496e-01],
       [ 1.62515484e-05, -1.11919268e-05,  1.00000000e+00]]),
np.array([[ 9.95686660e-01, -5.28049306e-04, -7.46712616e-01],
       [-5.72131988e-03,  9.98227756e-01,  4.40987083e-01],
       [-4.42307819e-05,  6.56094618e-06,  1.00000000e+00]]),
np.array([[ 9.73849096e-01, -4.53480218e-03,  2.45216795e-01],
       [-1.89340050e-02,  9.75579590e-01,  2.20817520e+00],
       [-1.60493553e-04, -5.21323162e-05,  1.00000000e+00]]),
np.array([[ 1.00799372e+00, -1.09158038e-03, -8.23301422e-01],
       [ 9.82844622e-03,  1.00998821e+00, -1.13303135e+00],
       [ 2.98027611e-05,  3.42591249e-05,  1.00000000e+00]]),
np.array([[ 1.00237667e+00, -1.44042729e-03, -6.10879325e-01],
       [ 1.06449105e-02,  1.00454467e+00, -6.20814790e-01],
       [ 6.22682567e-05, -1.64572287e-08,  1.00000000e+00]]),
np.array([[ 1.00952452e+00, -1.05049570e-03, -7.94144676e-01],
       [ 1.51784343e-02,  1.00471508e+00, -8.63773492e-01],
       [ 1.04086198e-04, -8.58337654e-06,  1.00000000e+00]]),
np.array([[ 1.00797309e+00,  4.24338145e-03, -1.21182341e+00],
       [ 9.79516322e-03,  1.01103183e+00, -1.07533501e+00],
       [ 5.14856533e-05,  4.26455915e-05,  1.00000000e+00]]),
np.array([[ 9.86689982e-01, -3.86717580e-03,  2.78190540e-01],
       [-9.58003879e-03,  9.92065547e-01,  8.41371778e-01],
       [-7.04964846e-05, -1.82673738e-05,  1.00000000e+00]]),
np.array([[ 1.01197356e+00,  4.65620322e-03, -1.50898166e+00],
       [ 1.14726407e-02,  1.01615128e+00, -1.46610883e+00],
       [ 6.73594417e-05,  4.83883248e-05,  1.00000000e+00]]),
np.array([[ 9.96177275e-01, -2.98558202e-03, -2.74445648e-01],
       [ 6.82090661e-04,  9.96022372e-01,  4.56661921e-01],
       [ 2.44883864e-05, -1.16575469e-05,  1.00000000e+00]]),
np.array([[ 9.90157170e-01, -1.99080441e-03, -8.38406853e-01],
       [-1.06676748e-02,  9.88021083e-01,  7.74206287e-01],
       [-1.15783332e-04, -2.76720311e-05,  1.00000000e+00]]),
np.array([[ 1.01078555e+00,  2.88863982e-03, -1.06374199e+00],
       [ 9.98231751e-03,  1.01844742e+00, -1.29584664e+00],
       [ 7.23768697e-05,  7.59947976e-05,  1.00000000e+00]]),
np.array([[ 9.89490145e-01, -5.25625737e-03,  1.78886474e-01],
       [-4.57574187e-03,  9.88897350e-01,  8.34332620e-01],
       [-2.51261191e-05, -4.84335716e-05,  1.00000000e+00]]),
np.array([[ 9.93845334e-01,  4.61232669e-04, -5.91422011e-01],
       [ 5.43779064e-04,  9.90535808e-01,  3.42314418e-01],
       [-1.69068749e-05, -3.44641002e-05,  1.00000000e+00]]),
np.array([[ 9.85422646e-01, -6.67939289e-03,  6.35682071e-01],
       [ 1.07670286e-03,  9.84855062e-01,  7.42914718e-01],
       [-1.20271966e-05, -6.25592206e-05,  1.00000000e+00]]),
np.array([[ 1.00890144e+00,  4.90518707e-03, -1.12667793e+00],
       [ 2.52378500e-03,  1.01406127e+00, -6.35681066e-01],
       [ 3.05355791e-05,  6.17694149e-05,  1.00000000e+00]]),
np.array([[ 9.92024832e-01, -1.50487607e-04, -4.27585241e-01],
       [-9.48208939e-03,  9.95927874e-01,  6.61554576e-01],
       [-7.37826161e-05,  6.97428391e-06,  1.00000000e+00]]),
np.array([[ 9.99670134e-01, -3.95381318e-04, -5.74197708e-01],
       [-2.45805072e-03,  1.00065986e+00,  1.27477103e-01],
       [ 1.15205087e-05, -1.23987614e-06,  1.00000000e+00]]),
np.array([[ 1.00797376e+00,  4.41383048e-03, -1.34384871e+00],
       [ 3.25994560e-03,  1.00352262e+00, -1.67182931e-01],
       [ 5.73253505e-05,  9.57470822e-06,  1.00000000e+00]]),
np.array([[ 9.95329030e-01,  1.45725590e-03, -9.36641686e-01],
       [-4.34272743e-03,  9.99169237e-01,  1.31192809e-01],
       [-7.22280979e-05,  1.52663712e-05,  1.00000000e+00]]),
np.array([[ 1.04326957e+00, -5.63337169e-04, -1.57210768e+00],
       [ 2.60990014e-02,  1.03295496e+00, -2.08270555e+00],
       [ 3.71590411e-04,  3.90061224e-05,  1.00000000e+00]]),
np.array([[ 9.43112779e-01, -4.64070680e-03,  1.33110984e+00],
       [-2.71339009e-02,  9.54698521e-01,  2.99490868e+00],
       [-3.20918932e-04, -1.09548870e-04,  1.00000000e+00]]),
np.array([[ 9.74146482e-01, -1.13518275e-04,  5.56351026e-01],
       [-1.84829779e-02,  9.94460462e-01,  1.05311296e+00],
       [-1.57270537e-04,  3.07052205e-05,  1.00000000e+00]]),
np.array([[ 9.84165157e-01, -1.40370407e-03, -4.44369384e-01],
       [-1.93679826e-02,  9.78215137e-01,  2.24425065e+00],
       [-9.62068439e-05, -6.56787513e-05,  1.00000000e+00]]),
np.array([[ 1.04041715e+00,  2.41941595e-03, -1.95571861e+00],
       [ 2.29752041e-02,  1.03634547e+00, -2.21145776e+00],
       [ 2.48132618e-04,  9.55184225e-05,  1.00000000e+00]]),
np.array([[ 9.82161638e-01,  4.35355310e-03, -7.05127238e-01],
       [-1.25798151e-02,  9.91372097e-01,  5.79683527e-01],
       [-2.29155744e-04,  1.79705046e-05,  1.00000000e+00]]),
np.array([[ 1.02508232e+00, -8.21431372e-04, -1.53319610e+00],
       [ 1.43919243e-02,  1.01339209e+00, -1.16052643e+00],
       [ 1.45342142e-04,  2.02545573e-05,  1.00000000e+00]]),
np.array([[ 1.01214417e+00, -4.95848455e-03, -3.36418743e-01],
       [ 3.36682192e-02,  9.97436453e-01, -7.34692322e-01],
       [ 3.19714880e-04, -9.20614952e-05,  1.00000000e+00]]),
np.array([[ 9.77106337e-01, -4.01081066e-03,  1.81981486e-01],
       [-1.04177283e-02,  9.76382497e-01,  1.32136610e+00],
       [-1.40115890e-04, -5.69217534e-05,  1.00000000e+00]]),
np.array([[ 1.03020424e+00,  5.63062637e-04, -1.54741706e+00],
       [ 3.04781127e-02,  1.01464552e+00, -1.79888929e+00],
       [ 2.94967988e-04, -2.75347407e-05,  1.00000000e+00]]),
np.array([[ 9.66865925e-01, -1.21261496e-03,  4.34575003e-01],
       [-2.65114710e-02,  9.78883743e-01,  2.21037943e+00],
       [-2.74872459e-04,  9.58538830e-06,  1.00000000e+00]]),
np.array([[ 1.01097863e+00,  2.61165393e-03, -1.08155742e+00],
       [-2.82200805e-03,  1.00668304e+00,  1.87816315e-02],
       [ 2.42774266e-05,  2.47155179e-05,  1.00000000e+00]]),
np.array([[ 9.54494059e-01, -9.96560674e-04,  7.87094283e-01],
       [-2.77777175e-02,  9.68004901e-01,  2.30468538e+00],
       [-3.41389469e-04, -5.37625130e-05,  1.00000000e+00]]),
np.array([[ 1.00912370e+00,  1.39913878e-03, -6.69115451e-01],
       [ 1.20309840e-02,  1.00906266e+00, -6.80228806e-01],
       [ 1.22162918e-04,  5.24412685e-06,  1.00000000e+00]]),
np.array([[ 1.06625701e+00,  5.16261931e-03, -2.22813079e+00],
       [ 3.81915641e-02,  1.06140205e+00, -3.66443200e+00],
       [ 4.70385478e-04,  1.57928513e-04,  1.00000000e+00]]),
np.array([[ 9.67127083e-01, -2.43974153e-03,  5.28477695e-01],
       [-2.90402548e-02,  9.72680863e-01,  2.08531914e+00],
       [-2.53371293e-04, -6.29354577e-05,  1.00000000e+00]]),
np.array([[ 1.03134210e+00,  2.20901592e-03, -1.34884795e+00],
       [ 3.29458299e-02,  1.02169143e+00, -1.97633812e+00],
       [ 2.83478315e-04,  2.88201085e-05,  1.00000000e+00]]),
np.array([[ 9.86275412e-01, -3.96181390e-03,  2.36801127e-01],
       [-9.36947410e-03,  9.85397065e-01,  9.94304358e-01],
       [-7.75673481e-05, -5.66806087e-05,  1.00000000e+00]]),
np.array([[ 9.83239399e-01, -2.95092185e-03,  3.83290381e-01],
       [-1.44868978e-02,  9.86499819e-01,  1.15533415e+00],
       [-9.85509427e-05, -3.26276510e-05,  1.00000000e+00]]),
np.array([[ 9.73855430e-01, -9.74820336e-04,  3.04236133e-01],
       [-2.85742985e-02,  9.78309862e-01,  2.16714042e+00],
       [-2.47829514e-04, -3.34439607e-05,  1.00000000e+00]]),
np.array([[ 9.96762641e-01,  6.24894533e-04, -1.60146735e-01],
       [-4.90882671e-03,  1.00138946e+00,  1.54685318e-01],
       [-5.92221653e-05,  2.37519821e-05,  1.00000000e+00]]),
np.array([[ 9.86959132e-01, -2.27488794e-03,  3.37542290e-01],
       [ 3.85724137e-04,  9.91290945e-01,  8.63984217e-02],
       [-8.89900020e-05, -2.41689085e-05,  1.00000000e+00]]),
np.array([[ 1.00483893e+00,  3.22076039e-03, -5.14252352e-01],
       [ 1.97393907e-03,  1.00874364e+00, -5.12051237e-01],
       [ 8.64488839e-06,  4.07252271e-05,  1.00000000e+00]]),
np.array([[ 9.86010168e-01, -1.64732068e-03,  4.18100763e-01],
       [-1.38183799e-02,  9.88925598e-01,  1.39715164e+00],
       [-6.51794750e-05, -1.51731606e-05,  1.00000000e+00]]),
np.array([[ 1.00487526e+00,  3.20580240e-03, -5.03813103e-01],
       [-1.01852552e-02,  1.00940760e+00,  2.90494552e-01],
       [-2.45789292e-05,  5.84323471e-05,  1.00000000e+00]]),
np.array([[ 1.00751923e+00,  1.35134247e-05, -3.83900974e-01],
       [ 7.09761798e-03,  1.00304418e+00, -2.44725032e-01],
       [ 5.47781641e-05,  6.20643598e-06,  1.00000000e+00]]),
np.array([[ 9.94491513e-01, -4.58760167e-03,  6.48635324e-02],
       [-5.46944062e-03,  9.82636060e-01,  8.55149024e-01],
       [-1.68803714e-04, -3.30420177e-05,  1.00000000e+00]]),
np.array([[ 1.00064115e+00,  2.40399912e-03, -3.79126098e-01],
       [-4.79720991e-03,  9.99360396e-01,  5.23270679e-01],
       [-1.21107843e-06,  1.47816066e-06,  1.00000000e+00]]),
np.array([[ 9.95890933e-01,  3.75582608e-03, -4.23118304e-02],
       [-4.78999511e-03,  1.00218233e+00,  3.19760072e-01],
       [-1.38503405e-05,  1.61625012e-05,  1.00000000e+00]]),
np.array([[ 1.00831865e+00,  3.30800458e-03, -4.76338813e-01],
       [ 2.44948159e-03,  1.00193070e+00, -3.31286178e-02],
       [ 5.93653455e-05, -5.50152365e-06,  1.00000000e+00]]),
np.array([[ 1.01636098e+00, -2.14745304e-03,  1.41044536e-01],
       [ 3.12972972e-02,  1.02208102e+00, -2.38059029e+00],
       [ 2.65666300e-04, -6.90294219e-06,  1.00000000e+00]]),
np.array([[ 1.01132901e+00, -3.18699999e-03,  5.32321176e-01],
       [ 1.79479505e-02,  1.01410702e+00, -1.40348473e+00],
       [ 1.26250580e-04,  2.94688534e-05,  1.00000000e+00]]),
np.array([[ 1.02713158e+00,  2.81681748e-03, -9.63289707e-01],
       [ 1.18332360e-02,  1.01156439e+00, -7.08299537e-01],
       [ 1.79712532e-04,  6.69092172e-06,  1.00000000e+00]]),
np.array([[ 9.87565464e-01, -2.08186253e-03,  8.46155934e-01],
       [ 8.33542550e-04,  9.85212770e-01,  6.85215312e-01],
       [-1.68930711e-05, -5.57476804e-05,  1.00000000e+00]]),
np.array([[ 9.93198168e-01, -2.39590272e-03,  4.05377799e-01],
       [-1.22106496e-02,  9.87237278e-01,  1.10994438e+00],
       [-6.04247662e-05, -4.63388907e-05,  1.00000000e+00]]),
np.array([[ 9.89954798e-01,  3.43302232e-03,  3.60121115e-01],
       [-7.58860099e-03,  9.93587201e-01,  9.61552058e-01],
       [-9.96851098e-05,  2.78494007e-05,  1.00000000e+00]]),
np.array([[ 1.03225110e+00,  3.48335526e-03, -1.10905276e+00],
       [ 1.07237055e-02,  1.02341482e+00, -1.21008845e+00],
       [ 1.64686122e-04,  5.88927058e-05,  1.00000000e+00]]),
np.array([[ 1.00038737e+00,  3.95748248e-03, -4.07813835e-02],
       [ 4.13327831e-04,  1.00574109e+00, -4.39527208e-01],
       [-1.75331681e-05,  2.65689311e-05,  1.00000000e+00]]),
np.array([[ 9.91446386e-01, -1.10745872e-02,  1.38794813e+00],
       [ 6.32964611e-03,  9.82152061e-01,  3.66361508e-01],
       [ 1.95530892e-05, -1.03508795e-04,  1.00000000e+00]]),
np.array([[ 1.00092336e+00,  1.14045115e-04,  3.86673456e-01],
       [-2.46543947e-03,  1.00961405e+00, -3.54626459e-01],
       [-4.40442575e-05,  5.32775762e-05,  1.00000000e+00]]),
np.array([[ 1.01487177e+00,  7.14630091e-03, -5.07912165e-01],
       [ 1.30213780e-02,  1.02243805e+00, -1.83372803e+00],
       [ 9.27779873e-05,  6.72399144e-05,  1.00000000e+00]]),
np.array([[ 1.00807001e+00, -5.52907456e-03,  3.37410712e-01],
       [ 3.32202510e-04,  9.89402102e-01,  5.34701107e-01],
       [ 5.51368171e-05, -6.01981449e-05,  1.00000000e+00]]),
np.array([[ 9.78867564e-01,  9.91219687e-04,  1.47803670e+00],
       [-9.18635027e-03,  9.99666765e-01, -4.33089902e-02],
       [-9.80313759e-05,  1.14043384e-05,  1.00000000e+00]]),
np.array([[ 1.02351558e+00,  6.08863085e-03, -9.23919764e-01],
       [-1.44332077e-03,  1.01138711e+00, -1.07218934e-01],
       [ 6.42890403e-05,  4.50292132e-05,  1.00000000e+00]]),
np.array([[ 9.81592453e-01, -3.53351947e-03,  1.07757735e+00],
       [-9.51392705e-03,  9.76749959e-01,  1.66968798e+00],
       [-1.00800800e-04, -7.96518621e-05,  1.00000000e+00]]),
np.array([[ 1.00199067e+00,  6.07057282e-03,  1.47429671e-01],
       [-6.40887596e-03,  1.00683761e+00,  2.21446187e-01],
       [-3.84619906e-05,  5.80275852e-05,  1.00000000e+00]]),
np.array([[ 1.01366567e+00, -3.40544536e-03,  3.42187524e-01],
       [ 2.06222151e-02,  1.00551044e+00, -1.18429487e+00],
       [ 1.38628108e-04, -4.33716815e-05,  1.00000000e+00]]),
np.array([[ 9.83677964e-01,  2.33671184e-03,  7.88976006e-01],
       [-1.64693326e-02,  9.97279493e-01,  6.33143467e-01],
       [-1.61979612e-04,  2.81171589e-05,  1.00000000e+00]]),
np.array([[ 1.00947611e+00,  3.09293247e-04,  1.65047133e-01],
       [ 1.66666405e-02,  1.00639630e+00, -1.04320270e+00],
       [ 9.25224771e-05, -1.51210860e-06,  1.00000000e+00]]),
np.array([[ 9.96129443e-01, -3.17302869e-03,  8.31768022e-01],
       [-1.18671641e-02,  9.84237604e-01,  1.41498398e+00],
       [ 1.54740592e-07, -6.44237448e-05,  1.00000000e+00]]),
np.array([[ 1.01334801e+00,  3.44899895e-03, -8.25784673e-02],
       [ 2.51765366e-03,  1.01844032e+00, -9.48172065e-01],
       [ 2.59953651e-05,  6.85937931e-05,  1.00000000e+00]]),
np.array([[ 9.74511487e-01, -2.38376115e-04,  1.43522573e+00],
       [-8.04377192e-03,  9.82872941e-01,  9.94472622e-01],
       [-1.61620703e-04, -3.16343339e-05,  1.00000000e+00]]),
np.array([[ 9.93718191e-01,  9.59091008e-04,  5.52550347e-01],
       [-8.90499274e-03,  9.88298689e-01,  9.87883251e-01],
       [-4.77553762e-05, -4.32407267e-05,  1.00000000e+00]]),
np.array([[ 1.01024162e+00, -1.51418439e-03,  5.48382060e-01],
       [ 4.82812586e-03,  1.00194237e+00,  1.80959146e-01],
       [ 5.95076737e-05, -3.22978043e-06,  1.00000000e+00]]),
np.array([[ 1.02929647e+00, -4.82324267e-04,  3.18226427e-01],
       [ 1.47559983e-02,  1.02744190e+00, -1.67466566e+00],
       [ 1.71693215e-04,  7.34999836e-05,  1.00000000e+00]]),
np.array([[ 9.75420790e-01,  5.92958710e-04,  1.19358159e+00],
       [-1.55519090e-02,  9.73714145e-01,  1.81094165e+00],
       [-1.93730342e-04, -5.95369093e-05,  1.00000000e+00]]),
np.array([[ 1.02552305e+00, -3.93274354e-03,  7.80218868e-01],
       [ 2.25446580e-02,  1.02033632e+00, -1.90078563e+00],
       [ 2.65859301e-04, -1.96954737e-05,  1.00000000e+00]]),
np.array([[ 1.01041217e+00,  6.53582407e-03, -2.55716905e-01],
       [ 1.58274727e-03,  1.01132251e+00, -7.52201630e-01],
       [-3.28250848e-05,  6.06641284e-05,  1.00000000e+00]]),
np.array([[ 1.01613356e+00,  4.42125118e-03,  2.47805477e-01],
       [ 6.98235296e-03,  1.02181378e+00, -1.29661927e+00],
       [ 6.42824738e-05,  7.72473011e-05,  1.00000000e+00]]),
np.array([[ 9.49960045e-01, -6.66990776e-03,  2.84649542e+00],
       [-2.92428765e-02,  9.53825103e-01,  3.57822442e+00],
       [-2.77309462e-04, -1.07121781e-04,  1.00000000e+00]]),
np.array([[ 9.89859639e-01,  3.75446475e-03,  1.18286700e+00],
       [-1.08931576e-02,  1.00106938e+00,  9.15650348e-01],
       [-5.32376253e-05,  2.30459245e-05,  1.00000000e+00]]),
np.array([[ 1.02382772e+00, -5.21262757e-03, -8.41014226e-02],
       [ 4.98066725e-03,  9.97257870e-01,  3.84155159e-01],
       [ 9.74257845e-05, -4.10676458e-05,  1.00000000e+00]]),
np.array([[ 1.04501027e+00,  1.07491435e-02, -1.66736212e+00],
       [ 2.15532552e-02,  1.03504651e+00, -2.42733535e+00],
       [ 2.32520142e-04,  6.31404031e-05,  1.00000000e+00]]),
np.array([[ 9.78413121e-01, -3.20529193e-03,  2.74382504e+00],
       [-2.72520461e-03,  9.98320952e-01,  3.27848952e-01],
       [-6.83455056e-05,  1.17080276e-05,  1.00000000e+00]]),
np.array([[ 1.02845107e+00,  1.32601797e-03, -7.08735371e-01],
       [ 1.72665815e-02,  1.00818185e+00, -1.23176430e+00],
       [ 1.36941137e-04, -1.78899881e-05,  1.00000000e+00]]),
np.array([[ 9.68173418e-01, -1.47055839e-03,  2.43562884e+00],
       [-2.62980992e-02,  9.82373803e-01,  1.98001144e+00],
       [-2.20031035e-04, -8.58687038e-06,  1.00000000e+00]]),
np.array([[ 1.03515096e+00,  3.78355307e-03, -6.59517698e-01],
       [ 1.47037772e-02,  1.00891813e+00, -8.81031021e-01],
       [ 1.69215909e-04, -1.65789854e-05,  1.00000000e+00]]),
np.array([[ 9.96504984e-01,  7.48074364e-04,  1.91255933e+00],
       [ 7.75797738e-03,  1.00969206e+00, -9.41177450e-01],
       [ 7.25415701e-05,  1.87224548e-05,  1.00000000e+00]]),
np.array([[ 1.00915557e+00,  2.84294462e-03,  3.42454823e-01],
       [-3.06867345e-03,  1.00269130e+00, -7.80207022e-02],
       [-2.20234514e-07,  7.15699065e-06,  1.00000000e+00]]),
np.array([[ 9.88275971e-01, -3.46306162e-03,  1.86991048e+00],
       [-4.07087121e-03,  9.88355704e-01,  7.84281906e-01],
       [-2.17908138e-05, -4.75601785e-05,  1.00000000e+00]]),
np.array([[ 9.93891117e-01,  4.84729141e-03,  1.11881332e+00],
       [-7.09771117e-05,  1.00138415e+00, -3.07942482e-01],
       [-3.01965909e-05,  2.20034271e-05,  1.00000000e+00]]),
np.array([[ 1.03787531e+00,  5.32140297e-03, -5.67621317e-01],
       [ 1.74675894e-02,  1.03136189e+00, -2.38100614e+00],
       [ 1.76985386e-04,  6.97133482e-05,  1.00000000e+00]]),
np.array([[ 9.81991617e-01, -1.17361527e-02,  2.50103690e+00],
       [-1.34905662e-02,  9.75517656e-01,  1.93232124e+00],
       [-8.28238141e-05, -7.59585491e-05,  1.00000000e+00]]),
np.array([[ 1.00449424e+00,  3.52008884e-03,  1.21569852e+00],
       [ 5.58745379e-03,  1.01423219e+00, -1.34483219e+00],
       [-9.45691256e-06,  6.04860076e-05,  1.00000000e+00]]),
np.array([[ 1.00073356e+00,  8.39598964e-03,  5.47810302e-01],
       [-1.10879105e-02,  1.01146141e+00, -1.61826719e-01],
       [-9.12174432e-05,  7.51122736e-05,  1.00000000e+00]]),
np.array([[ 1.04220320e+00,  1.20672324e-03, -8.75208037e-02],
       [ 2.54551011e-02,  1.03370223e+00, -2.87028116e+00],
       [ 2.70967671e-04,  4.15128403e-05,  1.00000000e+00]]),
np.array([[ 9.62440390e-01, -7.38623693e-03,  2.95781902e+00],
       [-2.43978530e-02,  9.61943168e-01,  2.95412952e+00],
       [-2.54391178e-04, -7.01704049e-05,  1.00000000e+00]]),
np.array([[ 9.94802801e-01,  1.41164798e-02,  7.24546363e-01],
       [-3.29047256e-03,  1.00902043e+00, -1.71958626e-01],
       [-4.99889666e-05,  7.14381920e-05,  1.00000000e+00]]),
np.array([[ 1.00603293e+00, -4.60216662e-03,  1.38756365e+00],
       [-5.54655958e-03,  1.00172859e+00,  4.83104074e-01],
       [ 2.09860994e-06,  9.04308367e-06,  1.00000000e+00]]),
np.array([[ 1.00109570e+00, -4.41118461e-03,  1.87609465e+00],
       [ 9.45393193e-03,  9.95027595e-01, -6.72251258e-01],
       [ 6.53367323e-05, -6.63382080e-05,  1.00000000e+00]]),
np.array([[ 1.01850525e+00,  6.02297708e-03,  2.08572363e-01],
       [ 1.57729697e-02,  1.01036862e+00, -1.60509063e+00],
       [ 1.16141120e-04,  3.61816793e-06,  1.00000000e+00]]),
np.array([[ 9.63606260e-01, -5.44866337e-03,  3.34914302e+00],
       [-2.44004526e-02,  9.80049383e-01,  2.17142117e+00],
       [-2.07599107e-04, -3.36807597e-06,  1.00000000e+00]]),
np.array([[ 9.57757968e-01,  2.78146828e-03,  3.29547750e+00],
       [-1.94488883e-02,  9.83349190e-01,  1.42058280e+00],
       [-1.77662962e-04, -6.25581426e-07,  1.00000000e+00]]),
np.array([[ 1.06295146e+00, -6.16958935e-03, -1.68692093e+00],
       [ 2.86818824e-02,  1.02248070e+00, -2.75039202e+00],
       [ 2.88744903e-04, -3.49078543e-05,  1.00000000e+00]]),
np.array([[ 9.85375732e-01,  4.07909648e-03,  1.45565946e+00],
       [-1.15914790e-02,  9.96936363e-01,  4.57368902e-01],
       [-1.24127339e-04,  4.40179976e-05,  1.00000000e+00]]),
np.array([[ 1.07301851e+00,  2.23496303e-03, -2.38423959e+00],
       [ 3.20119829e-02,  1.03730948e+00, -3.13319703e+00],
       [ 3.60571697e-04,  1.49194856e-05,  1.00000000e+00]]),
np.array([[ 9.63183809e-01, -3.00298386e-03,  3.01061450e+00],
       [-5.11732428e-03,  9.68316150e-01,  1.51162639e+00],
       [-1.34660052e-04, -7.71362044e-05,  1.00000000e+00]]),
np.array([[ 1.00949314e+00, -4.54470007e-03,  1.30587896e+00],
       [-1.48221732e-03,  1.00049611e+00,  4.36012506e-01],
       [ 5.75417351e-05, -2.32608401e-05,  1.00000000e+00]]),
np.array([[ 9.73541110e-01, -4.39208273e-03,  3.61632983e+00],
       [-1.04365697e-03,  9.85876880e-01,  5.30186001e-01],
       [-6.07968097e-05, -3.12252322e-05,  1.00000000e+00]]),
np.array([[ 1.03470978e+00,  4.08548307e-03, -9.27862201e-01],
       [ 1.37140351e-02,  1.01726351e+00, -1.85559528e+00],
       [ 1.40315156e-04, -5.80886830e-06,  1.00000000e+00]]),
np.array([[ 9.74102287e-01,  2.13656116e-03,  1.87278102e+00],
       [-2.49667710e-02,  9.83432945e-01,  2.44552941e+00],
       [-1.92628877e-04,  2.61627393e-05,  1.00000000e+00]]),
np.array([[ 1.02094496e+00, -4.37433539e-03,  7.86548970e-01],
       [ 2.49167129e-02,  1.01516814e+00, -3.02303425e+00],
       [ 1.46708705e-04, -1.36200500e-05,  1.00000000e+00]]),
np.array([[ 9.75649584e-01,  3.55438482e-05,  2.36521459e+00],
       [-1.88637797e-02,  9.87223277e-01,  2.06769350e+00],
       [-1.45373656e-04,  2.49774141e-05,  1.00000000e+00]]),
np.array([[ 9.92574755e-01, -5.27667142e-03,  2.20157328e+00],
       [-6.18658766e-04,  9.91913600e-01,  2.75162990e-01],
       [ 3.93142659e-06, -3.86151233e-05,  1.00000000e+00]]),
np.array([[ 1.00079609e+00,  6.39303404e-03,  1.61101008e+00],
       [ 1.27721103e-02,  1.01693427e+00, -2.01390463e+00],
       [ 2.88608437e-05,  5.95656137e-05,  1.00000000e+00]]),
np.array([[ 1.02852104e+00, -7.13146717e-03, -7.28416394e-01],
       [ 3.51780829e-03,  9.93698633e-01,  5.78029656e-01],
       [ 1.22974594e-04, -8.85135791e-05,  1.00000000e+00]]),
np.array([[ 1.00437386e+00,  1.14737599e-03,  1.06187314e+00],
       [ 4.75233742e-04,  1.00718487e+00, -6.17363637e-01],
       [-1.37677396e-05,  3.57423541e-05,  1.00000000e+00]]),
np.array([[ 9.88099194e-01,  3.34461438e-03,  1.36372594e+00],
       [-5.92452839e-03,  9.91634152e-01,  5.64454261e-01],
       [-6.82602060e-05,  9.36428098e-08,  1.00000000e+00]]),
np.array([[ 9.77788157e-01, -3.09023204e-03,  2.80613947e+00],
       [-7.83604992e-03,  9.86311108e-01,  9.20235616e-01],
       [-7.47435186e-05, -2.37587816e-05,  1.00000000e+00]]),
np.array([[ 9.81106413e-01,  6.86371412e-04,  3.00565139e+00],
       [-8.16433763e-03,  9.97173671e-01,  5.41637836e-01],
       [-4.53227238e-05,  1.17610443e-05,  1.00000000e+00]]),
np.array([[ 1.05796654e+00,  3.75344274e-03, -2.46310256e+00],
       [ 2.83034531e-02,  1.03594108e+00, -4.19820142e+00],
       [ 2.05570887e-04,  4.81443221e-05,  1.00000000e+00]]),
np.array([[ 1.01374213e+00, -7.45825537e-04,  2.28643287e-01],
       [ 2.21562620e-04,  1.00165111e+00,  1.60110099e-01],
       [ 4.64961635e-05, -1.09946790e-05,  1.00000000e+00]]),
np.array([[ 1.01152213e+00,  1.60927392e-03,  4.30796104e-01],
       [ 6.56277142e-03,  1.00537360e+00, -6.62304233e-01],
       [ 3.86315274e-05,  8.27487415e-06,  1.00000000e+00]]),
np.array([[ 9.94665036e-01,  2.15715918e-03,  2.45007064e+00],
       [-3.51488136e-03,  1.00735671e+00,  5.14674124e-01],
       [ 2.68989604e-05,  1.55798218e-05,  1.00000000e+00]]),
np.array([[ 1.06247033e+00, -8.28822132e-03, -3.41359129e+00],
       [ 2.35249985e-02,  1.01318224e+00, -2.45679869e+00],
       [ 1.61381852e-04, -3.24537486e-05,  1.00000000e+00]]),
np.array([[ 9.37010962e-01,  1.31333818e-03,  6.18017139e+00],
       [-1.83550611e-02,  9.73984126e-01,  2.70001181e+00],
       [-1.68717065e-04, -3.11050453e-05,  1.00000000e+00]]),
np.array([[ 9.68719228e-01,  1.27987917e-02,  2.86599075e+00],
       [-1.09942446e-02,  9.96549148e-01,  8.59292818e-01],
       [-1.46946430e-04,  8.29881979e-05,  1.00000000e+00]]),
np.array([[ 1.02580587e+00, -1.25263540e-02,  3.11247047e-01],
       [ 6.55199901e-03,  9.97019465e-01, -6.74284222e-02],
       [ 1.07512484e-04, -7.72471023e-05,  1.00000000e+00]]),
np.array([[ 1.00970510e+00,  1.25005212e-02, -1.09309415e-01],
       [-7.64006891e-04,  1.01468807e+00, -6.09538939e-01],
       [ 4.56461801e-06,  7.09859745e-05,  1.00000000e+00]]),
np.array([[ 1.00720162e+00, -6.84187823e-03,  2.52145428e+00],
       [ 7.20210762e-03,  1.00524698e+00, -6.76872944e-01],
       [ 1.16404820e-04, -5.66048264e-05,  1.00000000e+00]]),
np.array([[ 9.97537142e-01, -5.23060513e-03,  1.21842202e+00],
       [-1.31833864e-03,  9.87337145e-01,  4.12561444e-01],
       [-1.97186359e-05, -4.45519581e-05,  1.00000000e+00]]),
np.array([[ 1.02511128e+00,  5.39626904e-03, -6.21521902e-01],
       [ 1.11480495e-02,  1.02123037e+00, -2.30209006e+00],
       [ 6.00846115e-05,  5.73498974e-05,  1.00000000e+00]]),
np.array([[ 9.18449169e-01, -1.09574364e-02,  7.68947616e+00],
       [-2.81918818e-02,  9.46654903e-01,  4.70143062e+00],
       [-2.54995266e-04, -7.32923331e-05,  1.00000000e+00]]),
np.array([[ 1.05579658e+00,  1.32546844e-02, -3.19156209e+00],
       [ 1.84076456e-02,  1.03998029e+00, -3.43711137e+00],
       [ 1.75542981e-04,  7.58102433e-05,  1.00000000e+00]]),
np.array([[ 9.85960532e-01, -1.38363762e-03,  3.03585250e+00],
       [ 8.71611555e-04,  9.99799820e-01, -5.39501423e-01],
       [-3.34901399e-05,  1.64894717e-05,  1.00000000e+00]]),
np.array([[ 1.02479188e+00,  1.39216102e-03, -3.26792032e-01],
       [ 4.83773913e-03,  1.01054882e+00, -7.42785031e-01],
       [ 9.76987699e-05, -1.52447621e-05,  1.00000000e+00]]),
np.array([[ 1.03798864e+00, -2.05090749e-03, -1.27364658e+00],
       [ 1.04479684e-02,  1.01637696e+00, -1.25919149e+00],
       [ 1.37289882e-04, -1.42722940e-05,  1.00000000e+00]]),
np.array([[ 9.73110156e-01,  3.24464292e-03,  3.38879741e+00],
       [-8.62582448e-03,  9.88202847e-01,  1.39876134e+00],
       [-7.83860144e-05,  3.00500016e-06,  1.00000000e+00]]),
np.array([[ 1.05277748e+00,  7.85238551e-03, -3.39713421e+00],
       [ 1.79587301e-02,  1.03045987e+00, -3.18911694e+00],
       [ 1.30991535e-04,  5.21848603e-05,  1.00000000e+00]]),
np.array([[ 9.10879975e-01, -8.19972653e-03,  9.13845257e+00],
       [-2.48248581e-02,  9.52761054e-01,  4.24063004e+00],
       [-2.47973801e-04, -4.43287409e-05,  1.00000000e+00]]),
np.array([[ 1.08595728e+00,  1.73138753e-03, -6.06727052e+00],
       [ 1.49905078e-02,  1.03509327e+00, -2.17754487e+00],
       [ 2.44651896e-04, -4.45913290e-06,  1.00000000e+00]]),
np.array([[ 9.42958125e-01,  5.02214065e-04,  7.44657852e+00],
       [-3.98186446e-03,  9.82126047e-01,  5.08324737e-01],
       [-1.19536494e-04,  4.65172580e-06,  1.00000000e+00]]),
np.array([[ 1.03224357e+00,  5.71659458e-03, -1.65696894e+00],
       [ 4.35673917e-03,  1.01503294e+00, -9.91734938e-01],
       [ 8.94110000e-05,  1.12996941e-05,  1.00000000e+00]]),
np.array([[ 9.97787142e-01, -5.39363023e-03,  1.90975730e+00],
       [-2.40883900e-03,  9.93935844e-01,  4.09887804e-01],
       [ 2.44174584e-06, -3.14459671e-05,  1.00000000e+00]]),
np.array([[ 9.97204115e-01, -5.64759116e-03,  2.35772416e+00],
       [ 3.02068950e-03,  9.95893002e-01, -5.82420063e-01],
       [ 1.03145535e-05, -2.92637592e-05,  1.00000000e+00]]),
np.array([[ 1.03068271e+00,  1.52524491e-02, -2.19408668e+00],
       [ 1.41875003e-02,  1.02068080e+00, -2.85541558e+00],
       [ 6.41114406e-05,  5.83045378e-05,  1.00000000e+00]]),
np.array([[ 9.17812909e-01, -5.32031791e-03,  8.76891479e+00],
       [-2.88431347e-02,  9.60657320e-01,  4.61320266e+00],
       [-2.44408116e-04,  2.39533384e-06,  1.00000000e+00]]),
np.array([[ 1.11859096e+00,  5.03678363e-04, -7.41457070e+00],
       [ 3.60205835e-02,  1.06132897e+00, -5.68522356e+00],
       [ 3.83707576e-04,  2.42304914e-06,  1.00000000e+00]]),
np.array([[ 9.82887697e-01,  1.93944883e-03,  2.57943389e+00],
       [-1.16694436e-02,  9.90725769e-01,  1.92010106e+00],
       [-6.79150771e-05,  1.92176301e-05,  1.00000000e+00]]),
np.array([[ 9.22216206e-01, -5.17150856e-03,  8.49909947e+00],
       [-6.58161874e-03,  9.59440127e-01,  1.38928552e+00],
       [-2.05303823e-04, -3.32828640e-05,  1.00000000e+00]]),
np.array([[ 1.07878929e+00, -2.10266032e-03, -3.89735141e+00],
       [ 2.25228058e-02,  1.04308080e+00, -3.83724293e+00],
       [ 2.72140858e-04, -8.88557938e-06,  1.00000000e+00]]),
np.array([[ 1.00173788e+00, -5.74059863e-03,  1.47435957e+00],
       [ 1.24836711e-03,  9.95661616e-01,  6.51964698e-02],
       [ 7.49776039e-06, -1.91641163e-05,  1.00000000e+00]]),
np.array([[ 9.99519613e-01,  1.44442271e-02,  1.32876158e+00],
       [-1.23308192e-03,  1.01504935e+00, -3.91255463e-01],
       [ 1.32830559e-05,  6.65985281e-05,  1.00000000e+00]]),
np.array([[ 8.98464915e-01, -2.11039136e-03,  1.01861751e+01],
       [-2.16798746e-02,  9.46781797e-01,  3.95789663e+00],
       [-2.82190932e-04, -2.17792816e-05,  1.00000000e+00]]),
np.array([[ 1.08232308e+00,  2.51854292e-03, -5.67246260e+00],
       [ 1.48249578e-02,  1.04458339e+00, -2.83723374e+00],
       [ 2.26381710e-04,  3.69094989e-05,  1.00000000e+00]]),
np.array([[ 1.00799089e+00, -1.41712372e-02,  9.75781161e-01],
       [-9.05543000e-05,  9.82782052e-01,  1.07325277e+00],
       [ 3.28897182e-05, -1.02894746e-04,  1.00000000e+00]]),
np.array([[ 1.03254799e+00,  9.29542347e-03, -1.24523761e+00],
       [ 1.49941724e-02,  1.02706807e+00, -3.03420806e+00],
       [ 9.58217037e-05,  4.64453203e-05,  1.00000000e+00]]),
np.array([[ 9.14332236e-01,  3.27503967e-03,  9.25439124e+00],
       [-2.08216946e-02,  9.62629999e-01,  3.30624445e+00],
       [-2.51279997e-04,  4.24308308e-05,  1.00000000e+00]]),
np.array([[ 1.13376995e+00,  8.30424465e-03, -1.03621038e+01],
       [ 2.56170002e-02,  1.07472641e+00, -5.17138659e+00],
       [ 3.68513544e-04,  4.56344083e-05,  1.00000000e+00]]),
np.array([[ 9.03427424e-01, -3.63745910e-03,  1.16342213e+01],
       [-1.53124193e-02,  9.56638824e-01,  2.75118760e+00],
       [-2.13894124e-04, -2.25397157e-05,  1.00000000e+00]]),
np.array([[ 9.23555988e-01, -2.27232744e-03,  8.40661153e+00],
       [-1.91894634e-02,  9.55371522e-01,  3.91451836e+00],
       [-2.04058344e-04, -2.29131050e-05,  1.00000000e+00]]),
np.array([[ 1.12290535e+00,  6.94552313e-03, -9.52009465e+00],
       [ 3.22493102e-02,  1.07007654e+00, -6.31084047e+00],
       [ 3.46609541e-04,  3.15171950e-05,  1.00000000e+00]]),
np.array([[ 1.01445070e+00, -4.26012625e-03, -8.76006595e-01],
       [ 6.36659922e-03,  9.99393484e-01, -9.62274816e-01],
       [ 1.80227838e-05, -1.95630189e-05,  1.00000000e+00]]),
np.array([[ 9.50924086e-01,  5.00630918e-03,  6.27163567e+00],
       [-1.53515390e-02,  9.80078364e-01,  2.91001697e+00],
       [-1.13596579e-04,  1.98849683e-05,  1.00000000e+00]]),
np.array([[ 9.88386045e-01, -1.18706923e-02,  3.13936135e+00],
       [-4.48716368e-03,  9.88194739e-01,  1.11273705e+00],
       [-1.39953484e-05, -4.60408083e-05,  1.00000000e+00]]),
np.array([[ 1.02388040e+00,  8.58827979e-03,  3.26414868e-01],
       [ 1.55516141e-02,  1.02678426e+00, -3.30434520e+00],
       [ 9.51567345e-05,  4.97126571e-05,  1.00000000e+00]]),
np.array([[ 9.93796416e-01,  7.46488478e-03,  1.90110896e+00],
       [-4.82073864e-03,  1.00210186e+00,  6.06051365e-01],
       [-1.66136522e-05,  3.25985937e-05,  1.00000000e+00]]),
np.array([[ 1.01094327e+00, -1.77585494e-02,  8.63029531e-01],
       [ 6.48399700e-03,  9.92919267e-01, -8.67727151e-01],
       [ 2.95699733e-05, -6.32062299e-05,  1.00000000e+00]]),
np.array([[ 9.77211937e-01,  2.45194362e-04,  3.38465858e+00],
       [-9.78220924e-03,  9.82483364e-01,  2.06947835e+00],
       [-5.42669156e-05, -2.76558582e-05,  1.00000000e+00]]),
np.array([[ 1.07241031e+00,  1.85069027e-02, -5.56790394e+00],
       [ 1.82642487e-02,  1.05297029e+00, -4.40593210e+00],
       [ 1.83494032e-04,  9.19315671e-05,  1.00000000e+00]]),
np.array([[ 9.24083641e-01, -3.63740098e-03,  8.61233414e+00],
       [-1.55442762e-02,  9.53719091e-01,  3.39336105e+00],
       [-1.84227314e-04, -4.09031327e-05,  1.00000000e+00]]),
np.array([[ 1.00179717e+00, -5.23926380e-03,  2.06747910e+00],
       [ 1.96004909e-03,  9.96170890e-01, -1.09778427e-01],
       [ 2.32867368e-05, -2.54359959e-05,  1.00000000e+00]]),
np.array([[ 1.05580813e+00,  6.37594026e-03, -3.18585909e+00],
       [ 1.36799125e-02,  1.04114141e+00, -3.31845048e+00],
       [ 1.69600052e-04,  2.84970915e-05,  1.00000000e+00]]),
np.array([[ 9.86891234e-01,  6.48460675e-03,  1.77789826e+00],
       [-2.03847408e-03,  9.95553931e-01, -4.15205799e-02],
       [-4.57104265e-05,  2.96468198e-05,  1.00000000e+00]]),
np.array([[ 9.95581210e-01, -8.13469164e-03,  2.79502132e+00],
       [ 2.42196380e-03,  9.95732355e-01, -3.85970045e-01],
       [ 2.40419661e-05, -4.55552375e-05,  1.00000000e+00]]),
np.array([[ 9.64498776e-01, -7.33419465e-03,  4.41263425e+00],
       [-9.54276674e-03,  9.73825605e-01,  2.00833388e+00],
       [-1.02258431e-04, -1.57256495e-05,  1.00000000e+00]]),
np.array([[ 1.06995708e+00,  2.05966013e-02, -6.63994070e+00],
       [ 7.52429029e-03,  1.05059355e+00, -2.62994563e+00],
       [ 1.62174550e-04,  9.52293001e-05,  1.00000000e+00]]),
np.array([[ 8.74275078e-01, -2.13704312e-02,  1.62689428e+01],
       [-1.07372137e-02,  9.25389491e-01,  2.96005496e+00],
       [-2.55905117e-04, -1.02395145e-04,  1.00000000e+00]]),
np.array([[ 1.06415334e+00, -2.84665885e-03, -6.24836066e+00],
       [ 7.78063416e-03,  1.02888759e+00, -2.08722464e+00],
       [ 1.41436950e-04, -1.64736958e-05,  1.00000000e+00]]),
np.array([[ 9.30174945e-01,  7.32886547e-03,  8.72484191e+00],
       [-1.07863472e-02,  9.73421717e-01,  1.87009702e+00],
       [-1.55479439e-04,  3.17069865e-05,  1.00000000e+00]]),
np.array([[ 1.00985938e+00, -8.49633987e-03,  9.51267831e-01],
       [-9.52094401e-04,  9.96761882e-01,  5.45843222e-01],
       [ 3.79139860e-05, -3.64345441e-05,  1.00000000e+00]]),
np.array([[ 1.03285848e+00,  3.55464797e-03, -2.59174715e+00],
       [ 9.00179968e-03,  1.01775496e+00, -2.09237776e+00],
       [ 7.97893439e-05,  9.54783931e-06,  1.00000000e+00]]),
np.array([[ 1.08084057e+00,  3.55129146e-03, -7.12797210e+00],
       [ 1.65681060e-02,  1.04402966e+00, -3.88647317e+00],
       [ 1.95771586e-04,  1.96571654e-05,  1.00000000e+00]]),
np.array([[ 9.55702125e-01,  1.57137690e-03,  5.40212416e+00],
       [-1.15180405e-02,  9.77248307e-01,  2.14755529e+00],
       [-1.05701223e-04, -1.37555001e-06,  1.00000000e+00]]),
np.array([[ 9.14955570e-01,  5.21203856e-03,  1.10810270e+01],
       [-1.12970243e-02,  9.66493867e-01,  1.91370823e+00],
       [-1.74247211e-04,  2.06796925e-05,  1.00000000e+00]]),
np.array([[ 1.09839601e+00,  9.67365689e-03, -1.00579800e+01],
       [ 1.69536492e-02,  1.05111835e+00, -4.04231356e+00],
       [ 2.23101807e-04,  3.16126328e-05,  1.00000000e+00]]),
np.array([[ 9.36710076e-01, -2.09000070e-02,  9.05464915e+00],
       [-1.26394814e-02,  9.54853794e-01,  2.92393110e+00],
       [-1.16995225e-04, -1.05648691e-04,  1.00000000e+00]]),
np.array([[ 1.05454337e+00,  2.73235103e-02, -6.76640543e+00],
       [ 4.72954639e-03,  1.03426582e+00, -1.45881600e+00],
       [ 9.31488459e-05,  1.02418293e-04,  1.00000000e+00]]),
np.array([[ 1.01019244e+00, -5.65186055e-03, -3.01616317e-02],
       [ 2.83316201e-03,  1.00076824e+00, -8.80635039e-01],
       [ 2.13522189e-05, -2.48759667e-05,  1.00000000e+00]]),
np.array([[ 1.03052800e+00, -6.54891794e-03, -1.63904746e+00],
       [ 5.49152514e-03,  1.01003983e+00, -1.04005621e+00],
       [ 8.05095107e-05, -2.98522574e-05,  1.00000000e+00]]),
np.array([[ 8.89708655e-01, -1.42846369e-02,  1.53842846e+01],
       [-1.39468523e-02,  9.41509523e-01,  3.36683490e+00],
       [-2.00257329e-04, -7.51806895e-05,  1.00000000e+00]]),
np.array([[ 9.34309860e-01,  1.21385419e-02,  7.18065404e+00],
       [-9.86573038e-03,  9.66437612e-01,  2.15878709e+00],
       [-1.57531630e-04,  1.55422211e-05,  1.00000000e+00]]),
np.array([[ 1.12743428e+00, -8.07839299e-03, -1.23129655e+01],
       [ 1.57984750e-02,  1.05554130e+00, -3.23346158e+00],
       [ 3.00570746e-04, -3.60519601e-05,  1.00000000e+00]]),
np.array([[ 1.00600142e+00,  8.13946135e-03,  7.98057479e-01],
       [ 2.68078374e-03,  1.01500846e+00, -1.37507206e+00],
       [ 2.42952662e-05,  4.41181026e-05,  1.00000000e+00]]),
np.array([[ 1.02544453e+00,  1.62255418e-02, -2.23464737e+00],
       [ 3.16087391e-03,  1.02254769e+00, -1.37411695e+00],
       [ 5.59770306e-05,  5.70697131e-05,  1.00000000e+00]]),
np.array([[ 9.08245414e-01, -6.40681536e-03,  1.11594578e+01],
       [-1.75370066e-02,  9.46798530e-01,  4.02944700e+00],
       [-2.02717529e-04, -3.05984789e-05,  1.00000000e+00]]),
np.array([[ 1.01711221e+00, -4.36168230e-03, -1.02785493e+00],
       [ 3.72245193e-04,  1.00598399e+00, -3.63536339e-01],
       [ 2.96071631e-05, -7.12998529e-06,  1.00000000e+00]]),
np.array([[ 1.02306383e+00,  6.67468377e-03, -1.40372576e+00],
       [ 7.90312968e-03,  1.01590232e+00, -2.02127508e+00],
       [ 5.52960618e-05,  1.72205048e-05,  1.00000000e+00]]),
np.array([[ 1.03056346e+00, -2.09492944e-03, -1.73479185e+00],
       [ 2.62328305e-02,  1.01395157e+00, -5.71415275e+00],
       [ 7.85822795e-05, -1.10550531e-06,  1.00000000e+00]]),
np.array([[ 9.98037791e-01,  3.91394369e-03,  2.05016710e+00],
       [-6.70467107e-03,  1.00651659e+00,  1.18829385e+00],
       [ 1.89329947e-05,  4.70314713e-06,  1.00000000e+00]]),
np.array([[ 9.76861683e-01, -4.55208866e-03,  3.61963332e+00],
       [ 6.04213262e-03,  9.83340042e-01, -1.25505632e+00],
       [-5.32752809e-05, -1.22664848e-05,  1.00000000e+00]]),
np.array([[ 9.43696404e-01, -5.52175251e-03,  8.62972538e+00],
       [-1.35075400e-02,  9.67439383e-01,  3.49432950e+00],
       [-9.48651341e-05, -3.80079207e-05,  1.00000000e+00]]),
np.array([[ 1.03953775e+00, -3.10746912e-02, -1.60170075e+00],
       [ 4.55379776e-03,  1.00749363e+00, -7.84670764e-01],
       [ 1.15874743e-04, -1.15270991e-04,  1.00000000e+00]]),
np.array([[ 8.90189433e-01,  1.68181192e-02,  1.31989251e+01],
       [-8.32262341e-03,  9.55351130e-01,  1.46622207e+00],
       [-2.44665899e-04,  7.03215671e-05,  1.00000000e+00]]),
np.array([[ 7.54778847e-01, -3.91048796e-02,  2.81343773e+01],
       [-4.99797391e-02,  8.45677935e-01,  1.21432643e+01],
       [-5.48947094e-04, -1.90503540e-04,  1.00000000e+00]]),
np.array([[ 1.13133547e+00,  1.99823210e-02, -1.41812536e+01],
       [ 1.22601472e-02,  1.07731192e+00, -3.35120953e+00],
       [ 2.83096125e-04,  8.88458171e-05,  1.00000000e+00]]),
np.array([[ 9.29486593e-01,  2.08158549e-02,  7.97637090e+00],
       [-3.22419198e-03,  9.76319866e-01,  5.94179985e-02],
       [-1.78426261e-04,  9.36437598e-05,  1.00000000e+00]]),
np.array([[ 9.64915561e-01, -1.83148999e-02,  6.75450440e+00],
       [-6.22206923e-03,  9.75706517e-01,  1.84117562e+00],
       [-4.01840954e-05, -8.33476912e-05,  1.00000000e+00]]),
np.array([[ 2.15221399e+00,  2.16759729e-02, -1.28266512e+02],
       [ 2.01164330e-01,  1.59919863e+00, -4.72525770e+01],
       [ 2.54890437e-03,  1.02620474e-04,  1.00000000e+00]]),
np.array([[ 1.07186181e+00,  3.20736608e-02, -4.13637464e+00],
       [ 2.94010292e-02,  1.07802954e+00, -8.11337946e+00],
       [ 2.11988789e-04,  1.57182553e-04,  1.00000000e+00]]),
np.array([[ 1.20987529e+00, -1.21284906e-02, -2.66179414e+01],
       [-8.94384369e-03,  1.07263372e+00,  2.79533595e+00],
       [ 3.89236699e-04, -4.84708166e-05,  1.00000000e+00]]),
np.array([[ 7.14853839e-01,  5.25012604e-03,  3.53358701e+01],
       [-8.68656687e-03,  8.69767180e-01,  1.53672083e+00],
       [-5.70416027e-04, -1.85963119e-05,  1.00000000e+00]]),
np.array([[ 8.94207608e-01,  1.99527148e-02,  1.17842436e+01],
       [-2.68710295e-02,  9.59188058e-01,  5.25328038e+00],
       [-2.48531968e-04,  8.18259143e-05,  1.00000000e+00]]),
np.array([[ 1.02061411e+00, -3.99156299e-02,  2.65581178e+00],
       [ 1.40776897e-02,  9.92048690e-01, -1.83598010e+00],
       [ 1.28021638e-04, -1.78748494e-04,  1.00000000e+00]]),
np.array([[ 8.97480456e-01,  8.04206727e-03,  1.10417949e+01],
       [-3.07006373e-02,  9.46502893e-01,  6.94300851e+00],
       [-2.51988803e-04,  3.48501800e-05,  1.00000000e+00]]),
np.array([[ 1.03239963e+00, -2.34255566e-02, -3.00826847e+00],
       [ 1.21056007e-02,  1.00570360e+00, -3.04946424e+00],
       [ 5.94145836e-05, -7.19754108e-05,  1.00000000e+00]]),
np.array([[ 1.05241398e+00,  6.22171286e-02, -6.19746127e+00],
       [-2.43264098e-02,  1.07557027e+00,  3.63340168e+00],
       [ 9.98514315e-05,  2.61522208e-04,  1.00000000e+00]]),
np.array([[ 1.05546446e+00, -3.52958575e-02, -3.40385415e+00],
       [ 3.44913685e-02,  1.00504620e+00, -6.67128124e+00],
       [ 1.53568066e-04, -1.35901028e-04,  1.00000000e+00]]),
np.array([[ 2.59265638e+00,  1.75448117e-01, -1.86734355e+02],
       [ 2.09841067e-01,  1.90818315e+00, -5.31248656e+01],
       [ 3.38797281e-03,  7.11852530e-04,  1.00000000e+00]]),
np.array([[ 6.15858446e-01, -3.63316807e-01,  5.76774680e+01],
       [-3.67486800e-03,  6.43562671e-01,  7.67427579e+00],
       [-5.88366452e-04, -1.57334696e-03,  1.00000000e+00]]),
np.array([[ 6.07216586e-01, -4.46450872e-02,  4.95044106e+01],
       [-6.36843075e-02,  7.81319621e-01,  1.60988155e+01],
       [-7.74958690e-04, -2.08580224e-04,  1.00000000e+00]]),
np.array([[ 2.52589351e+00,  1.81571939e-01, -1.87637574e+02],
       [ 9.94578662e-02,  1.83638312e+00, -2.74820070e+01],
       [ 3.06141267e-03,  7.77333890e-04,  1.00000000e+00]]),
np.array([[ 6.80658183e-01, -1.74382960e-03,  3.95292940e+01],
       [-2.11155110e-02,  8.43660612e-01,  5.18623594e+00],
       [-6.49593818e-04, -1.01124414e-05,  1.00000000e+00]]),
np.array([[ 2.14607105e+00, -2.05570419e-02, -1.26889183e+02],
       [ 2.21079676e-01,  1.58120792e+00, -5.02426997e+01],
       [ 2.55894083e-03, -7.99888443e-05,  1.00000000e+00]]),
np.array([[ 2.19128539e+00, -5.30705496e-02, -1.38994157e+02],
       [ 8.63169538e-02,  1.53214329e+00, -1.70542735e+01],
       [ 2.54254410e-03, -2.49210834e-04,  1.00000000e+00]]),
np.array([[-1.44904445e-02, -3.09891039e-02,  1.18287168e+02],
       [-9.05075437e-02,  4.68731590e-01,  2.19044842e+01],
       [-2.17873304e-03, -1.38800862e-04,  1.00000000e+00]]),
np.array([[ 1.68526213e+00,  1.60053816e-01, -8.57994467e+01],
       [-1.08953381e-02,  1.44167974e+00, -1.94325200e+00],
       [ 1.34839382e-03,  7.05242775e-04,  1.00000000e+00]]),
np.array([[ 2.11941115e+00,  9.48854497e-02, -1.33433771e+02],
       [ 1.23822454e-01,  1.62747438e+00, -3.15971976e+01],
       [ 2.32722021e-03,  4.37760077e-04,  1.00000000e+00]]),
np.array([[ 1.65497106e+00, -6.71958270e-03, -7.37199127e+01],
       [ 9.27463058e-02,  1.33222785e+00, -2.14927842e+01],
       [ 1.44714951e-03, -3.88644614e-05,  1.00000000e+00]]),
np.array([[ 5.11347454e+00,  2.98931250e-02, -4.84407964e+02],
       [ 4.55956767e-01,  3.07343123e+00, -1.07879651e+02],
       [ 8.71205716e-03,  1.62173058e-04,  1.00000000e+00]]),
np.array([[-3.84165406e+00,  1.90593360e-01,  5.43061902e+02],
       [-6.88532693e-01, -1.37480067e+00,  1.56199068e+02],
       [-1.07535805e-02,  7.82796152e-04,  1.00000000e+00]]),
np.array([[ 1.09555002e+00, -9.70505434e-02, -1.81312639e+00],
       [ 8.78793393e-02,  9.99105488e-01, -1.71489979e+01],
       [ 3.67671437e-04, -4.30320400e-04,  1.00000000e+00]]),
np.array([[ 1.95404206e+00, -3.76025663e-02, -1.13550211e+02],
       [ 4.29247837e-02,  1.44187758e+00, -8.73973693e+00],
       [ 1.99607898e-03, -1.45951967e-04,  1.00000000e+00]]),
np.array([[-4.15084415e+00,  8.14864746e-02,  5.90071279e+02],
       [-6.41059878e-01, -1.56707044e+00,  1.47846432e+02],
       [-1.12233678e-02,  3.36992398e-04,  1.00000000e+00]]),
np.array([[-3.37278702e-01, -3.43293916e-02,  1.55978943e+02],
       [-1.48437085e-01,  3.10976120e-01,  3.53054984e+01],
       [-2.86332425e-03, -1.61200994e-04,  1.00000000e+00]]),
np.array([[ 1.45111974e+00,  7.67542344e-02, -5.52718787e+01],
       [ 4.24914968e-02,  1.28567563e+00, -1.28207841e+01],
       [ 9.10703879e-04,  3.29462322e-04,  1.00000000e+00]]),
np.array([[-1.14492746e+00,  1.70962511e-01,  2.44798988e+02],
       [-1.89178398e-01,  1.21345480e-02,  4.10229308e+01],
       [-4.68611350e-03,  7.10971375e-04,  1.00000000e+00]])]