[np.array([[ 1.00110469e+00, -1.14445559e-04,  2.94157386e+00],
       [ 4.82872490e-04,  1.00062588e+00, -3.02153471e-02],
       [ 4.15342731e-06,  2.08486474e-06,  1.00000000e+00]]),
np.array([[ 9.99892667e-01, -9.63683043e-05,  3.48435005e+00],
       [ 2.02439533e-04,  9.99881392e-01, -2.78763670e-02],
       [-6.12538061e-07, -1.48225723e-06,  1.00000000e+00]]),
np.array([[ 9.99870383e-01, -2.25346832e-04,  4.01727456e+00],
       [ 1.34441596e-04,  9.99566578e-01,  6.11195634e-02],
       [ 3.83713869e-07, -3.10204520e-06,  1.00000000e+00]]),
np.array([[ 1.00102925e+00, -5.94969989e-04,  4.17454727e+00],
       [ 5.98784608e-04,  1.00040509e+00, -7.85386617e-02],
       [ 3.31655929e-06, -7.59036910e-07,  1.00000000e+00]]),
np.array([[ 1.00062673e+00,  1.51165255e-04,  4.04571912e+00],
       [ 2.12561081e-04,  1.00070964e+00, -1.43633206e-02],
       [ 1.75798195e-06,  1.78155586e-06,  1.00000000e+00]]),
np.array([[ 1.00002243e+00, -5.07968301e-04,  4.08154797e+00],
       [-2.15523206e-05,  9.99594019e-01,  8.31692092e-02],
       [ 2.04022117e-07, -2.13074342e-06,  1.00000000e+00]]),
np.array([[ 1.00118968e+00,  4.70707025e-05,  3.99874825e+00],
       [ 4.61983825e-04,  1.00083164e+00, -5.14147314e-02],
       [ 3.31187918e-06,  2.68114680e-06,  1.00000000e+00]]),
np.array([[ 1.00193034e+00,  7.25839325e-04,  3.88924456e+00],
       [ 4.95079737e-04,  1.00150970e+00, -1.46984970e-02],
       [ 3.99082079e-06,  5.96883638e-06,  1.00000000e+00]]),
np.array([[ 1.00049958e+00, -9.12240947e-04,  4.14398553e+00],
       [ 3.18577129e-04,  9.99652874e-01, -4.00327492e-02],
       [ 2.19921663e-06, -2.89475257e-06,  1.00000000e+00]]),
np.array([[ 1.00008778e+00, -1.50079030e-04,  4.08966142e+00],
       [ 1.53594728e-04,  9.99891799e-01,  6.55383184e-02],
       [ 1.12296243e-06, -1.09212047e-06,  1.00000000e+00]]),
np.array([[ 1.00069133e+00, -6.28529189e-04,  4.04384748e+00],
       [ 3.10281671e-04,  1.00025648e+00, -1.84436926e-02],
       [ 1.66548251e-06, -1.25861511e-06,  1.00000000e+00]]),
np.array([[ 1.00010947e+00, -3.33647677e-04,  4.11130667e+00],
       [-3.01884515e-05,  1.00001691e+00, -1.03287234e-02],
       [-1.00313344e-06,  1.17909022e-06,  1.00000000e+00]]),
np.array([[ 1.00197393e+00, -5.16712553e-04,  4.11651146e+00],
       [ 6.64289586e-04,  1.00079711e+00,  2.78375168e-02],
       [ 8.87802047e-06, -3.25646206e-06,  1.00000000e+00]]),
np.array([[ 1.00115942e+00, -5.81807018e-04,  4.04238744e+00],
       [ 4.01504661e-04,  1.00061125e+00, -6.83805825e-02],
       [ 3.85113443e-06, -1.42083952e-06,  1.00000000e+00]]),
np.array([[ 1.00091242e+00, -7.38518614e-05,  4.00415967e+00],
       [ 1.95204418e-04,  1.00054300e+00,  1.15442079e-02],
       [ 1.55964327e-06,  1.78952221e-06,  1.00000000e+00]]),
np.array([[ 1.00147874e+00, -6.00181806e-04,  4.01236938e+00],
       [ 6.33704845e-04,  1.00067905e+00, -7.49695438e-02],
       [ 4.98664896e-06,  4.40338921e-07,  1.00000000e+00]]),
np.array([[ 1.00013167e+00,  4.87765247e-05,  4.04885129e+00],
       [ 2.61308769e-05,  1.00009012e+00,  3.65064299e-02],
       [ 3.30453002e-07, -2.54948389e-07,  1.00000000e+00]]),
np.array([[ 1.00128661e+00, -1.10470769e-04,  4.02625637e+00],
       [ 3.45998895e-04,  1.00078121e+00, -2.42280145e-02],
       [ 4.09549347e-06,  1.40897650e-06,  1.00000000e+00]]),
np.array([[ 1.00107937e+00, -7.35843374e-04,  4.05491678e+00],
       [ 3.84250475e-04,  1.00007287e+00, -6.01346601e-03],
       [ 4.11165511e-06, -2.24321140e-06,  1.00000000e+00]]),
np.array([[ 1.00244546e+00,  1.42077837e-04,  3.90176861e+00],
       [ 4.17436581e-04,  1.00141679e+00, -1.34709252e-02],
       [ 7.47136566e-06,  3.24832390e-06,  1.00000000e+00]]),
np.array([[ 1.00122548e+00, -4.86366797e-04,  4.06380960e+00],
       [ 3.85618591e-04,  1.00021201e+00,  2.89641008e-02],
       [ 4.40155032e-06, -2.05057301e-06,  1.00000000e+00]]),
np.array([[ 1.00201156e+00, -2.90110071e-04,  4.07257762e+00],
       [ 4.87580373e-04,  1.00119175e+00, -3.04353647e-02],
       [ 6.34846600e-06,  2.00543395e-06,  1.00000000e+00]]),
np.array([[ 1.00097801e+00, -6.98899591e-04,  4.09575452e+00],
       [ 6.71341686e-04,  1.00012122e+00, -4.20113408e-02],
       [ 4.65320578e-06, -3.14912800e-06,  1.00000000e+00]]),
np.array([[ 1.00102758e+00, -5.71577741e-04,  4.07661678e+00],
       [ 2.54507850e-04,  1.00044336e+00,  3.26032101e-02],
       [ 3.86521915e-06, -8.82815388e-07,  1.00000000e+00]]),
np.array([[ 1.00103952e+00, -9.43232859e-04,  4.08217260e+00],
       [ 5.32970287e-04,  1.00012855e+00, -9.07575209e-03],
       [ 4.29593060e-06, -2.07410854e-06,  1.00000000e+00]]),
np.array([[ 1.00170743e+00, -4.11317980e-04,  4.06506367e+00],
       [ 9.47441787e-04,  1.00083895e+00, -1.28480393e-01],
       [ 6.70615080e-06, -2.87010097e-07,  1.00000000e+00]]),
np.array([[ 1.00028458e+00, -5.83848230e-04,  4.10689990e+00],
       [ 9.10887872e-05,  9.99851935e-01,  1.06544027e-01],
       [ 1.16563168e-06, -1.32245505e-06,  1.00000000e+00]]),
np.array([[ 1.00081409e+00, -4.34605824e-04,  4.06712226e+00],
       [ 5.04859445e-04,  1.00060347e+00, -1.11006052e-01],
       [ 2.50608394e-06,  6.01194888e-07,  1.00000000e+00]]),
np.array([[ 1.00052818e+00, -4.47861839e-04,  4.05893633e+00],
       [ 7.21367418e-05,  9.99759489e-01,  1.14244677e-01],
       [ 3.20035846e-06, -2.87638481e-06,  1.00000000e+00]]),
np.array([[ 1.00150729e+00, -3.57080829e-04,  4.07825859e+00],
       [ 4.39212860e-04,  1.00105551e+00, -1.20311662e-01],
       [ 4.48438810e-06,  1.67057310e-06,  1.00000000e+00]]),
np.array([[ 1.00102123e+00, -3.97684249e-04,  4.13146383e+00],
       [ 2.95010781e-04,  1.00054430e+00,  4.35023433e-02],
       [ 4.15322195e-06, -2.14419514e-07,  1.00000000e+00]]),
np.array([[ 1.00119433e+00, -1.19302979e-04,  4.03459115e+00],
       [ 2.05633924e-04,  1.00082184e+00, -4.21593462e-02],
       [ 3.48396962e-06,  1.20904517e-06,  1.00000000e+00]]),
np.array([[ 1.00141788e+00, -2.08227754e-04,  4.01554637e+00],
       [ 6.69465875e-04,  1.00121108e+00, -5.94872528e-02],
       [ 4.80536476e-06,  1.67130356e-06,  1.00000000e+00]]),
np.array([[ 1.00050155e+00, -1.11709025e-03,  4.18236764e+00],
       [ 3.05770595e-04,  1.00009960e+00, -7.68000004e-03],
       [ 4.47114188e-06, -2.91476250e-06,  1.00000000e+00]]),
np.array([[ 1.00212438e+00,  5.80738688e-05,  3.98974710e+00],
       [ 7.47937339e-04,  1.00161668e+00, -6.20726885e-02],
       [ 7.40716427e-06,  3.26857487e-06,  1.00000000e+00]]),
np.array([[ 1.00109266e+00, -7.41741066e-04,  4.07928660e+00],
       [ 4.94487089e-04,  1.00036597e+00, -5.80755677e-02],
       [ 5.02405894e-06, -2.89814191e-06,  1.00000000e+00]]),
np.array([[ 1.00080531e+00, -3.35123966e-04,  4.06196314e+00],
       [ 4.24720297e-04,  1.00040746e+00,  1.17846095e-02],
       [ 3.67974248e-06,  6.73817197e-08,  1.00000000e+00]]),
np.array([[ 1.00158548e+00, -2.03876032e-04,  3.97514734e+00],
       [ 5.03375617e-04,  1.00067074e+00, -4.70358784e-02],
       [ 5.63704462e-06, -5.55674025e-07,  1.00000000e+00]]),
np.array([[ 9.99182116e-01, -1.06938087e-03,  4.26924918e+00],
       [-1.08735674e-04,  9.98691613e-01,  1.56605516e-01],
       [ 3.61920403e-07, -6.94797065e-06,  1.00000000e+00]]),
np.array([[ 1.00094669e+00, -5.10860333e-04,  4.12132302e+00],
       [ 2.93976929e-04,  1.00087583e+00, -3.86436963e-02],
       [ 3.73403333e-06,  8.75703985e-07,  1.00000000e+00]]),
np.array([[ 1.00006348e+00, -7.68432123e-04,  4.13402958e+00],
       [ 6.58333200e-04,  9.99598738e-01, -4.25686488e-02],
       [ 2.76336914e-06, -4.53059286e-06,  1.00000000e+00]]),
np.array([[ 1.00035522e+00, -3.92412657e-04,  4.09195973e+00],
       [-1.99719426e-05,  1.00050082e+00,  3.92619870e-02],
       [ 1.79691268e-06,  5.02453261e-08,  1.00000000e+00]]),
np.array([[ 1.00065843e+00, -8.03353859e-04,  4.12063979e+00],
       [ 7.96280926e-04,  9.99829355e-01, -7.38258636e-02],
       [ 3.43450669e-06, -2.92181451e-06,  1.00000000e+00]]),
np.array([[ 9.99716165e-01, -7.81232719e-04,  4.15376944e+00],
       [ 3.84573288e-05,  9.99265445e-01,  1.11560858e-01],
       [ 1.55740122e-06, -5.12764877e-06,  1.00000000e+00]]),
np.array([[ 9.99961833e-01, -5.77071839e-04,  4.16461420e+00],
       [ 3.50343723e-04,  1.00022750e+00, -6.43937953e-02],
       [ 1.07028274e-06, -1.62312767e-07,  1.00000000e+00]]),
np.array([[ 9.99848515e-01, -2.62023123e-04,  4.04109714e+00],
       [-5.99786060e-05,  9.99889041e-01,  1.20562932e-01],
       [-6.48022570e-07, -1.61390229e-06,  1.00000000e+00]]),
np.array([[ 1.00109434e+00, -5.62966834e-04,  4.07472000e+00],
       [ 8.91167490e-04,  1.00027458e+00, -8.41066948e-02],
       [ 7.13374925e-06, -3.18291815e-06,  1.00000000e+00]]),
np.array([[ 1.00004266e+00, -6.26187400e-04,  4.19343461e+00],
       [-8.99475080e-06,  1.00010131e+00,  5.35036363e-02],
       [ 9.19566599e-07, -9.14750614e-07,  1.00000000e+00]]),
np.array([[ 1.00031533e+00, -2.15989578e-04,  4.14151093e+00],
       [ 5.22360562e-04,  1.00016890e+00, -4.53150699e-02],
       [ 3.26181794e-06, -1.97474212e-06,  1.00000000e+00]]),
np.array([[ 1.00081184e+00, -3.82050457e-04,  4.07143367e+00],
       [ 1.56967618e-05,  1.00056765e+00,  4.15098955e-02],
       [ 3.85832414e-06,  7.85053386e-07,  1.00000000e+00]]),
np.array([[ 1.00136359e+00, -2.96416863e-04,  4.02479168e+00],
       [ 9.82537665e-04,  1.00062586e+00, -1.04791519e-01],
       [ 5.89571030e-06, -1.16901902e-06,  1.00000000e+00]]),
np.array([[ 9.99219321e-01, -2.57491421e-04,  4.14759362e+00],
       [-3.55309790e-04,  9.99842437e-01,  7.32341460e-02],
       [-2.49359963e-06,  1.15056431e-07,  1.00000000e+00]]),
np.array([[ 9.99874618e-01, -5.71959982e-04,  4.16558338e+00],
       [ 7.01915097e-05,  9.99789836e-01,  3.51947249e-02],
       [ 3.46257742e-07, -1.31875357e-06,  1.00000000e+00]]),
np.array([[ 1.00030766e+00,  7.47408898e-05,  4.05096463e+00],
       [-2.64820535e-04,  1.00042279e+00,  5.57562615e-02],
       [-1.29712259e-06,  3.91127036e-06,  1.00000000e+00]]),
np.array([[ 9.99102114e-01, -7.42929211e-04,  4.16705978e+00],
       [-2.15457746e-04,  9.99457836e-01,  5.20733140e-02],
       [-3.32931711e-06, -1.40017731e-06,  1.00000000e+00]]),
np.array([[ 9.99488572e-01,  2.99335992e-04,  4.07213785e+00],
       [-6.03932455e-04,  1.00057245e+00,  2.71294752e-02],
       [-7.85997874e-06,  6.12236608e-06,  1.00000000e+00]]),
np.array([[ 9.99750834e-01, -8.37127581e-04,  4.26199088e+00],
       [-6.54313098e-05,  9.99286102e-01,  1.11332753e-01],
       [-1.13000582e-06, -2.06281094e-06,  1.00000000e+00]]),
np.array([[ 1.00035906e+00, -1.43159120e-04,  4.08374965e+00],
       [-9.20684296e-05,  1.00081890e+00, -5.62368304e-02],
       [-2.42803200e-06,  4.72792902e-06,  1.00000000e+00]]),
np.array([[ 1.00015120e+00,  9.10506180e-05,  4.06162052e+00],
       [-1.47904754e-04,  1.00019441e+00,  3.81118908e-02],
       [-1.63658021e-06,  1.36918569e-06,  1.00000000e+00]]),
np.array([[ 9.99813073e-01, -3.26427134e-04,  4.12300608e+00],
       [ 1.10006243e-04,  1.00023146e+00, -2.47095449e-03],
       [-2.65953417e-06,  2.62457427e-06,  1.00000000e+00]]),
np.array([[ 1.00005691e+00, -2.92272160e-05,  4.08680973e+00],
       [-2.67348157e-04,  1.00027291e+00,  6.72497976e-02],
       [-4.24123532e-06,  3.75887846e-06,  1.00000000e+00]]),
np.array([[ 9.99922565e-01, -3.46289378e-04,  4.10304160e+00],
       [-2.90526459e-04,  1.00086092e+00, -1.64614370e-02],
       [-6.03350139e-06,  6.66611347e-06,  1.00000000e+00]]),
np.array([[ 1.00012030e+00, -1.61504347e-04,  4.05519130e+00],
       [-1.81761546e-04,  9.99904909e-01,  7.99933681e-02],
       [-3.67849686e-06,  1.17864444e-06,  1.00000000e+00]]),
np.array([[ 9.99486515e-01, -1.01567053e-03,  4.12505479e+00],
       [-1.51072758e-04,  9.99260528e-01,  2.98961141e-02],
       [-4.01579427e-06, -1.79100726e-06,  1.00000000e+00]]),
np.array([[ 1.00022795e+00, -7.23035602e-05,  4.06055053e+00],
       [-4.88044049e-04,  9.99995674e-01,  2.18839811e-01],
       [-3.65336795e-06,  2.08599592e-06,  1.00000000e+00]]),
np.array([[ 1.00030594e+00, -2.74522157e-05,  4.13871636e+00],
       [ 1.23974229e-04,  1.00068486e+00, -1.65135977e-01],
       [-4.61346689e-06,  5.17853893e-06,  1.00000000e+00]]),
np.array([[ 1.00027195e+00, -2.05379818e-04,  4.05865681e+00],
       [-6.03645284e-04,  1.00019339e+00,  1.55227241e-01],
       [-4.22471821e-06,  3.48963103e-06,  1.00000000e+00]]),
np.array([[ 1.00121085e+00, -4.27140767e-05,  3.99833254e+00],
       [ 7.89035899e-05,  1.00103693e+00, -1.10921076e-01],
       [-2.31455118e-06,  6.05883455e-06,  1.00000000e+00]]),
np.array([[ 1.00041037e+00,  4.29825238e-04,  4.04227873e+00],
       [-4.89798623e-04,  1.00014536e+00,  1.14546437e-01],
       [-4.07305782e-06,  5.35611525e-06,  1.00000000e+00]]),
np.array([[ 1.00018066e+00, -6.20911633e-04,  4.09294212e+00],
       [ 7.84859275e-05,  9.99539841e-01, -2.38631923e-02],
       [-4.37308468e-06, -2.01039272e-07,  1.00000000e+00]]),
np.array([[ 1.00142514e+00,  2.93767814e-04,  3.98131667e+00],
       [-2.35036589e-04,  1.00073781e+00,  9.27509956e-02],
       [-1.30601167e-06,  6.76096230e-06,  1.00000000e+00]]),
np.array([[ 1.00054417e+00, -9.05469381e-04,  4.10408028e+00],
       [ 6.60963303e-05,  1.00012270e+00, -1.83859105e-02],
       [-2.49098591e-06,  1.07459215e-06,  1.00000000e+00]]),
np.array([[ 1.00139556e+00, -3.28414838e-04,  3.95298050e+00],
       [ 5.15126419e-05,  1.00029974e+00,  1.18743361e-01],
       [-8.30518936e-07,  2.30568353e-06,  1.00000000e+00]]),
np.array([[ 1.00034710e+00, -8.63979915e-04,  4.16952961e+00],
       [-4.15364030e-05,  1.00008382e+00, -4.20716438e-02],
       [-4.25048064e-06,  2.94932057e-06,  1.00000000e+00]]),
np.array([[ 1.00184605e+00, -9.99958828e-04,  4.12536006e+00],
       [-3.32562752e-05,  1.00002887e+00,  1.88519203e-01],
       [ 2.18944023e-06,  9.56191047e-07,  1.00000000e+00]]),
np.array([[ 1.00238574e+00,  9.70462782e-05,  3.95461602e+00],
       [ 2.61215158e-04,  1.00139672e+00, -8.66214032e-02],
       [ 2.72562228e-06,  5.66270045e-06,  1.00000000e+00]]),
np.array([[ 1.00290861e+00,  3.77379888e-04,  3.93004887e+00],
       [ 2.23865268e-04,  1.00187887e+00, -4.51972917e-02],
       [ 3.68563013e-06,  8.66315924e-06,  1.00000000e+00]]),
np.array([[ 1.00141528e+00, -5.70270648e-04,  4.11039764e+00],
       [-8.17456600e-05,  1.00090238e+00, -1.07312371e-02],
       [ 5.67852164e-07,  4.69490821e-06,  1.00000000e+00]]),
np.array([[1.00255503e+00, 2.08635247e-04, 3.97800910e+00],
       [2.53022907e-04, 1.00131332e+00, 2.86876606e-02],
       [5.27929032e-06, 4.44954096e-06, 1.00000000e+00]]),
np.array([[ 1.00230589e+00, -7.35862194e-04,  4.04849621e+00],
       [ 2.26073183e-04,  1.00112182e+00, -8.21883630e-02],
       [ 2.91993771e-06,  4.40182581e-06,  1.00000000e+00]]),
np.array([[ 1.00269645e+00, -6.41183295e-05,  3.95732528e+00],
       [ 4.18527814e-04,  1.00146241e+00, -4.23530545e-02],
       [ 5.57261558e-06,  4.01086482e-06,  1.00000000e+00]]),
np.array([[ 1.00258478e+00, -1.39449644e-03,  4.02585056e+00],
       [ 5.10571955e-04,  1.00103310e+00, -1.00558419e-01],
       [ 4.33929868e-06,  2.98731675e-06,  1.00000000e+00]]),
np.array([[ 1.00415440e+00, -1.33485390e-04,  4.00825959e+00],
       [ 5.85352703e-04,  1.00235704e+00, -2.53350690e-03],
       [ 1.15158616e-05,  6.28152730e-06,  1.00000000e+00]]),
np.array([[ 1.00254659e+00, -1.08871716e-03,  4.14931751e+00],
       [ 1.07420870e-03,  1.00144298e+00, -1.42739752e-01],
       [ 5.46443510e-06,  3.68409328e-06,  1.00000000e+00]]),
np.array([[ 1.00311587e+00, -6.42727030e-04,  4.01357502e+00],
       [ 7.58237029e-04,  1.00152355e+00,  5.05777983e-02],
       [ 7.77801132e-06,  3.31665918e-06,  1.00000000e+00]]),
np.array([[ 1.00334010e+00, -7.88892101e-04,  4.08683330e+00],
       [ 1.25126545e-03,  1.00230093e+00, -1.94425138e-01],
       [ 9.97988507e-06,  6.87845863e-06,  1.00000000e+00]]),
np.array([[ 1.00410880e+00, -1.47985430e-04,  3.98454979e+00],
       [ 1.09659360e-03,  1.00240186e+00,  1.10041525e-02],
       [ 1.25070952e-05,  7.53978140e-06,  1.00000000e+00]]),
np.array([[ 1.00393306e+00, -6.02849958e-04,  4.04577642e+00],
       [ 1.26029776e-03,  1.00248384e+00, -1.95709206e-01],
       [ 1.30447256e-05,  5.08219426e-06,  1.00000000e+00]]),
np.array([[ 1.00297103e+00, -6.96312194e-04,  4.10760220e+00],
       [ 6.35238254e-04,  1.00184629e+00, -3.08477359e-03],
       [ 9.68298349e-06,  4.73670323e-06,  1.00000000e+00]]),
np.array([[ 1.00467528e+00,  1.47680922e-04,  3.94258137e+00],
       [ 1.43911751e-03,  1.00443539e+00, -4.31406945e-01],
       [ 1.35713653e-05,  1.37362240e-05,  1.00000000e+00]]),
np.array([[ 1.00348376e+00, -3.79991630e-04,  4.03481605e+00],
       [ 6.24427574e-04,  1.00219813e+00, -4.42038596e-03],
       [ 1.25047956e-05,  5.24800626e-06,  1.00000000e+00]]),
np.array([[ 1.00319789e+00, -5.80194544e-04,  4.17426455e+00],
       [ 7.84573938e-04,  1.00206390e+00, -1.22568852e-01],
       [ 1.18585153e-05,  3.68733891e-06,  1.00000000e+00]]),
np.array([[ 1.00329863e+00, -1.14425543e-03,  4.11874976e+00],
       [ 6.94469854e-04,  1.00169735e+00, -8.76525862e-03],
       [ 1.24738513e-05,  1.84019245e-06,  1.00000000e+00]]),
np.array([[ 1.00256518e+00, -8.83114512e-04,  4.13011194e+00],
       [ 7.47702553e-04,  1.00142240e+00, -6.93943424e-02],
       [ 1.00723981e-05,  2.41690859e-06,  1.00000000e+00]]),
np.array([[ 1.00311602e+00, -6.81315482e-04,  4.11004878e+00],
       [ 1.00837993e-03,  1.00209519e+00, -7.21257760e-02],
       [ 1.35139718e-05,  2.67863207e-06,  1.00000000e+00]]),
np.array([[ 1.00221714e+00, -1.42129019e-03,  4.21826433e+00],
       [ 9.06264299e-04,  1.00114294e+00, -1.27814865e-01],
       [ 1.06711229e-05, -4.98321290e-07,  1.00000000e+00]]),
np.array([[ 1.00199565e+00, -1.36833602e-03,  4.22876123e+00],
       [ 7.55097533e-04,  1.00119372e+00,  1.39995159e-02],
       [ 1.05837862e-05, -9.19232034e-07,  1.00000000e+00]]),
np.array([[ 1.00169383e+00, -1.93929541e-03,  4.26789137e+00],
       [ 7.45765481e-04,  1.00075784e+00, -8.67003637e-02],
       [ 9.50559734e-06, -4.37411998e-06,  1.00000000e+00]]),
np.array([[ 1.00132299e+00, -1.16344326e-03,  4.20618410e+00],
       [ 5.43924840e-04,  1.00112937e+00,  1.40217026e-02],
       [ 6.99765380e-06,  1.48467777e-06,  1.00000000e+00]]),
np.array([[ 1.00065911e+00, -1.74691124e-03,  4.31186079e+00],
       [ 9.00894057e-04,  1.00000127e+00, -9.39055424e-02],
       [ 6.65260045e-06, -4.03400003e-06,  1.00000000e+00]]),
np.array([[ 1.00108590e+00, -1.90627823e-03,  4.36821091e+00],
       [ 3.21653044e-04,  1.00005150e+00,  1.38201325e-01],
       [ 7.84897122e-06, -4.86590800e-06,  1.00000000e+00]]),
np.array([[ 1.00033714e+00, -3.05545844e-03,  4.39189343e+00],
       [ 6.95892767e-04,  9.99142367e-01, -6.41667189e-02],
       [ 7.28020330e-06, -1.20912991e-05,  1.00000000e+00]]),
np.array([[ 1.00004773e+00, -1.84866537e-03,  4.31844203e+00],
       [ 6.67239571e-05,  9.99732884e-01,  1.22973580e-01],
       [ 4.60071746e-06, -4.60719983e-06,  1.00000000e+00]]),
np.array([[ 1.00047833e+00, -1.55945797e-03,  4.31017279e+00],
       [ 5.80890624e-04,  1.00049743e+00, -9.62832460e-02],
       [ 5.60490845e-06, -2.22344940e-06,  1.00000000e+00]]),
np.array([[ 1.00020922e+00, -1.36679893e-03,  4.30040589e+00],
       [ 3.42597124e-04,  1.00017821e+00,  7.38218078e-02],
       [ 5.68519097e-06, -3.36796484e-06,  1.00000000e+00]]),
np.array([[ 9.98971161e-01, -1.54860841e-03,  4.37711393e+00],
       [ 9.33386370e-05,  9.99677617e-01, -4.70562075e-02],
       [-1.28485705e-07, -2.46298985e-06,  1.00000000e+00]]),
np.array([[ 9.99828362e-01, -2.27769541e-03,  4.32702642e+00],
       [ 9.00020984e-05,  9.99566193e-01,  5.08565321e-02],
       [ 4.07511111e-06, -8.49841725e-06,  1.00000000e+00]]),
np.array([[ 9.99142600e-01, -8.46015158e-04,  4.27058002e+00],
       [-5.46130204e-05,  1.00024684e+00,  7.84863322e-03],
       [-8.39007096e-07,  2.25624713e-06,  1.00000000e+00]]),
np.array([[ 9.99536962e-01, -1.34231564e-03,  4.32990327e+00],
       [ 2.07967331e-04,  9.99942763e-01,  4.93534223e-02],
       [ 2.20635356e-06, -2.58179837e-06,  1.00000000e+00]]),
np.array([[ 9.98688159e-01, -1.63404305e-03,  4.44736678e+00],
       [ 1.39809091e-04,  9.99351978e-01,  9.77154632e-04],
       [-1.46998570e-06, -3.42041152e-06,  1.00000000e+00]]),
np.array([[ 9.98837031e-01, -1.46719769e-03,  4.33844930e+00],
       [-6.69960470e-05,  9.99253530e-01,  9.83230431e-02],
       [-8.58628257e-07, -4.00800207e-06,  1.00000000e+00]]),
np.array([[ 9.99126412e-01, -2.10351190e-03,  4.36097969e+00],
       [ 3.98924704e-04,  9.99098178e-01,  6.79415021e-03],
       [ 9.69629997e-07, -7.17196452e-06,  1.00000000e+00]]),
np.array([[ 9.99507055e-01, -1.42315598e-03,  4.30506988e+00],
       [ 3.27190572e-04,  9.99622121e-01,  1.12202297e-01],
       [ 2.15717298e-06, -2.39456139e-06,  1.00000000e+00]]),
np.array([[ 9.98997570e-01, -1.73001653e-03,  4.32435635e+00],
       [ 1.95695694e-04,  9.99108209e-01,  1.63847337e-02],
       [-8.98826603e-08, -6.08098409e-06,  1.00000000e+00]]),
np.array([[ 9.98998413e-01, -1.21023862e-03,  4.30143946e+00],
       [-1.67845142e-04,  9.99482470e-01,  1.26812346e-01],
       [ 2.76422895e-07, -4.23942406e-06,  1.00000000e+00]]),
np.array([[ 9.98794332e-01, -1.56044932e-03,  4.30126512e+00],
       [ 2.96081684e-04,  9.99241992e-01, -5.68303194e-02],
       [-7.65945860e-07, -5.11452751e-06,  1.00000000e+00]]),
np.array([[ 9.98626918e-01, -1.33969670e-03,  4.26037919e+00],
       [-4.70943577e-04,  9.99022567e-01,  1.16469158e-01],
       [-1.85306397e-06, -4.67454619e-06,  1.00000000e+00]]),
np.array([[ 9.98189942e-01, -1.75079903e-03,  4.38989081e+00],
       [-3.24203140e-05,  9.98365348e-01, -2.24502061e-02],
       [-2.99939377e-06, -8.52054088e-06,  1.00000000e+00]]),
np.array([[ 9.98709622e-01, -1.08327115e-03,  4.34436662e+00],
       [-4.15237654e-04,  9.99270877e-01,  1.25052219e-01],
       [-1.55206315e-06, -3.73224034e-06,  1.00000000e+00]]),
np.array([[ 9.98619371e-01, -1.65034756e-03,  4.30746406e+00],
       [-3.29117775e-05,  9.98758477e-01,  4.64648365e-02],
       [-1.04189025e-06, -7.26504560e-06,  1.00000000e+00]]),
np.array([[ 9.99024833e-01, -1.19395712e-03,  4.27953998e+00],
       [-3.28195796e-05,  9.99620232e-01,  3.72175062e-02],
       [-6.45806724e-07, -2.71341686e-06,  1.00000000e+00]]),
np.array([[ 9.99366732e-01, -1.26093743e-03,  4.24218643e+00],
       [ 7.48540470e-05,  9.99380683e-01,  4.65644806e-02],
       [-4.62726768e-07, -3.09310637e-06,  1.00000000e+00]]),
np.array([[ 9.99423512e-01, -1.13957637e-03,  4.23145756e+00],
       [ 2.17379956e-04,  9.99673152e-01,  7.47079857e-02],
       [-6.71334158e-08, -1.78487735e-06,  1.00000000e+00]]),
np.array([[ 9.99753753e-01, -1.69941830e-03,  4.24724197e+00],
       [ 4.44511727e-04,  9.99415596e-01,  1.66591297e-02],
       [ 2.11413723e-07, -3.44545617e-06,  1.00000000e+00]]),
np.array([[ 9.99094074e-01, -1.41669245e-03,  4.21354450e+00],
       [ 1.17540221e-04,  9.99195659e-01,  1.17886883e-01],
       [-1.65294144e-06, -4.20948123e-06,  1.00000000e+00]]),
np.array([[ 9.98801391e-01, -1.38440134e-03,  4.23475964e+00],
       [-5.89394814e-06,  9.98808559e-01,  7.23323237e-02],
       [-2.21120010e-06, -5.70267135e-06,  1.00000000e+00]]),
np.array([[ 9.98728781e-01, -1.63313570e-03,  4.34143368e+00],
       [-1.09150024e-04,  9.98653851e-01,  8.86317072e-02],
       [-2.36985012e-06, -7.30276417e-06,  1.00000000e+00]]),
np.array([[ 9.99525821e-01, -1.52717153e-03,  4.08168279e+00],
       [ 1.28485938e-04,  9.99026526e-01, -6.05261516e-02],
       [-4.67212287e-07, -6.23186372e-06,  1.00000000e+00]]),
np.array([[ 9.99490541e-01, -1.09763664e-03,  3.47367163e+00],
       [-1.28839379e-04,  9.99240430e-01,  7.35729486e-02],
       [ 9.28214561e-07, -6.23419659e-06,  1.00000000e+00]]),
np.array([[ 9.99580212e-01, -5.99039304e-04,  2.87722487e+00],
       [-2.64841285e-04,  9.99561730e-01,  7.21274207e-02],
       [-1.20184714e-06, -2.67877837e-06,  1.00000000e+00]]),
np.array([[ 9.99579227e-01, -7.95517770e-04,  2.31474657e+00],
       [ 8.37338922e-06,  9.99258427e-01,  1.35911525e-02],
       [-4.84315052e-07, -4.31860657e-06,  1.00000000e+00]]),
np.array([[ 1.00086052e+00,  1.47692747e-04,  1.64948364e+00],
       [ 9.31349379e-05,  1.00074132e+00, -1.76173063e-02],
       [ 2.61141455e-06,  1.27096059e-06,  1.00000000e+00]]),
np.array([[ 9.99245097e-01, -2.37731642e-04,  1.23269382e+00],
       [-1.04705962e-04,  9.99494190e-01,  4.34981256e-02],
       [-2.15668972e-06, -1.41603468e-06,  1.00000000e+00]]),
np.array([[ 9.99885863e-01, -1.48614350e-04,  6.10957913e-01],
       [-1.28718458e-04,  9.99704175e-01,  2.25635749e-02],
       [-5.27871738e-07, -1.01612078e-06,  1.00000000e+00]]),
np.array([[ 1.00019631e+00,  2.94573136e-04,  8.23581790e-02],
       [ 4.23629245e-05,  1.00016444e+00, -4.72882392e-03],
       [ 5.96779581e-07,  1.09094705e-06,  1.00000000e+00]]),
np.array([[ 9.99729111e-01,  1.57643070e-04, -2.79822726e-01],
       [-1.71284701e-05,  9.99856732e-01,  1.07851981e-02],
       [-1.05148354e-06,  1.47155965e-07,  1.00000000e+00]])]