[np.array([[ 9.99041059e-01, -4.40166981e-04, -2.23463719e+00],
       [ 2.01040023e-04,  9.98722216e-01,  5.98293118e-02],
       [ 5.40736794e-07, -7.93080014e-06,  1.00000000e+00]]),
np.array([[ 9.99527588e-01,  2.56669129e-03, -3.56397769e+00],
       [-9.59334783e-04,  9.99238177e-01,  3.62515485e-02],
       [-3.97758444e-06, -1.60602296e-06,  1.00000000e+00]]),
np.array([[ 9.99252599e-01, -6.93396257e-04, -4.28417941e+00],
       [ 3.10858086e-05,  1.00024374e+00, -5.59489556e-02],
       [-3.10293125e-06,  3.45681931e-06,  1.00000000e+00]]),
np.array([[ 1.00200983e+00,  9.32129731e-04, -5.46231528e+00],
       [ 1.20479465e-04,  1.00154766e+00, -4.40406263e-02],
       [ 4.03458412e-06,  1.60381609e-05,  1.00000000e+00]]),
np.array([[ 9.99584186e-01,  1.00345425e-04, -6.18330191e+00],
       [-3.18764937e-04,  9.99821672e-01,  4.98399370e-03],
       [-7.32913359e-07,  1.95254694e-07,  1.00000000e+00]]),
np.array([[ 9.94828753e-01, -5.23341566e-04, -6.86113597e+00],
       [-7.90462606e-04,  9.96211090e-01,  1.50228980e-01],
       [-1.34845936e-05, -1.15979345e-05,  1.00000000e+00]]),
np.array([[ 9.95624813e-01, -2.10546938e-04, -7.91220177e+00],
       [-1.02477383e-03,  9.98055591e-01,  8.99359774e-02],
       [-1.58227629e-05, -5.63130586e-06,  1.00000000e+00]]),
np.array([[ 9.98550671e-01,  9.99927918e-04, -8.45985231e+00],
       [-1.26308323e-03,  1.00042572e+00, -4.00997405e-02],
       [-9.71451535e-06,  6.60632247e-06,  1.00000000e+00]]),
np.array([[ 9.98773388e-01,  1.31201472e-03, -8.44376952e+00],
       [ 3.13958032e-04,  1.00048235e+00, -7.21543358e-02],
       [-9.81607331e-07,  8.82964244e-06,  1.00000000e+00]]),
np.array([[ 9.96403700e-01,  2.98285515e-03, -8.42377181e+00],
       [-1.05958247e-03,  9.99591928e-01, -2.01265922e-02],
       [-1.47065810e-05,  7.49804081e-06,  1.00000000e+00]]),
np.array([[ 1.00098651e+00,  2.45984007e-03, -8.48673422e+00],
       [ 1.79964957e-04,  1.00114567e+00, -3.78364263e-02],
       [ 6.71866161e-06,  1.64031681e-05,  1.00000000e+00]]),
np.array([[ 9.97676194e-01,  4.63523549e-03, -8.39982402e+00],
       [-1.18845551e-03,  1.00657817e+00, -2.61349332e-01],
       [-2.50285665e-05,  5.43721003e-05,  1.00000000e+00]]),
np.array([[ 9.95829632e-01,  1.04923188e-03, -8.28314056e+00],
       [-9.44254735e-04,  9.97038908e-01,  1.34758379e-01],
       [-9.89653968e-06, -1.06867854e-05,  1.00000000e+00]]),
np.array([[ 9.93556962e-01, -9.79416977e-04, -8.17815820e+00],
       [-3.99354960e-04,  9.93663913e-01,  1.34737260e-01],
       [-1.21484861e-05, -4.15445224e-05,  1.00000000e+00]]),
np.array([[ 1.00081588e+00,  4.75180532e-04, -8.31735685e+00],
       [ 9.30622949e-04,  1.00395539e+00, -1.62037204e-01],
       [ 8.66415303e-06,  2.60614691e-05,  1.00000000e+00]]),
np.array([[ 1.00003758e+00,  1.93801680e-03, -8.44188871e+00],
       [-7.10219999e-04,  1.00026626e+00,  7.35037053e-02],
       [-1.19105442e-06,  1.41705285e-05,  1.00000000e+00]]),
np.array([[ 9.97111906e-01,  3.21665590e-03, -8.32057119e+00],
       [-9.01539667e-04,  9.99188285e-01,  1.06040468e-01],
       [-5.94416893e-06,  8.80674678e-06,  1.00000000e+00]]),
np.array([[ 9.97756715e-01, -8.08822336e-05, -8.26017185e+00],
       [ 4.98947498e-05,  9.99952318e-01, -9.45659108e-02],
       [-5.58955961e-06,  4.34956904e-06,  1.00000000e+00]]),
np.array([[ 9.97458322e-01,  3.64027309e-03, -8.58385723e+00],
       [-8.44615604e-05,  1.00061031e+00, -8.59790768e-02],
       [-9.51508785e-06,  1.68078456e-05,  1.00000000e+00]]),
np.array([[ 9.97757426e-01,  7.22852286e-04, -8.31531138e+00],
       [-3.16509278e-04,  9.99204422e-01, -5.77457864e-02],
       [-8.09037879e-07, -6.24753667e-06,  1.00000000e+00]]),
np.array([[ 9.98837628e-01, -8.37970629e-05, -8.36850439e+00],
       [ 5.44331070e-04,  9.98582224e-01, -1.15659648e-01],
       [-1.80655045e-07, -5.88426089e-06,  1.00000000e+00]]),
np.array([[ 9.97878686e-01,  1.66917885e-03, -8.38187877e+00],
       [ 2.08997014e-04,  9.99691544e-01, -7.65105079e-02],
       [-6.86450310e-06,  5.65919582e-06,  1.00000000e+00]]),
np.array([[ 9.99113101e-01,  4.25336287e-03, -8.48831069e+00],
       [ 7.21617725e-04,  1.00117261e+00, -1.62132400e-01],
       [-3.05337236e-06,  1.63454905e-05,  1.00000000e+00]]),
np.array([[ 9.92479682e-01,  3.98061148e-03, -8.24390533e+00],
       [-1.70652669e-03,  1.00045258e+00,  7.12129131e-02],
       [-3.43731999e-05,  2.84886462e-05,  1.00000000e+00]]),
np.array([[ 9.99999775e-01,  3.57317260e-04, -8.49534113e+00],
       [-5.05486811e-04,  9.99854643e-01,  1.40866339e-01],
       [ 3.04317672e-06, -5.26386950e-06,  1.00000000e+00]]),
np.array([[ 9.97766175e-01,  1.49496037e-03, -8.40771206e+00],
       [-1.22133929e-03,  9.99250516e-01,  1.11237830e-01],
       [-1.04996572e-05,  4.59510585e-06,  1.00000000e+00]]),
np.array([[ 9.98547467e-01,  1.25552803e-03, -8.36012702e+00],
       [-8.49727845e-04,  1.00012620e+00,  4.07899447e-02],
       [-5.24843400e-06,  5.05551258e-06,  1.00000000e+00]]),
np.array([[ 1.00028262e+00, -1.57528001e-04, -8.45994267e+00],
       [ 2.85595465e-05,  9.98896763e-01,  2.56402148e-02],
       [ 1.14560691e-06, -5.27027367e-06,  1.00000000e+00]]),
np.array([[ 9.98074498e-01,  4.26508344e-04, -8.61048270e+00],
       [-1.48436142e-04,  9.97989256e-01, -4.71719899e-02],
       [-5.78870070e-06, -5.30343132e-06,  1.00000000e+00]]),
np.array([[ 9.96295102e-01,  1.27859141e-03, -8.49446540e+00],
       [-2.28676753e-03,  9.98984142e-01,  7.96171788e-02],
       [-1.47863297e-05,  3.33772049e-06,  1.00000000e+00]]),
np.array([[ 9.94928932e-01,  2.46237708e-03, -8.37820695e+00],
       [-2.40868772e-03,  9.98151452e-01,  1.40409714e-01],
       [-1.85619363e-05,  4.45185746e-06,  1.00000000e+00]]),
np.array([[ 1.00071564e+00,  9.81082619e-04, -8.62287699e+00],
       [-5.58776293e-05,  1.00062516e+00, -2.01420256e-02],
       [ 1.44950296e-06,  1.68849970e-06,  1.00000000e+00]]),
np.array([[ 9.98509442e-01,  1.39311621e-04, -8.36923169e+00],
       [-5.22073148e-04,  9.98270259e-01,  1.67052851e-02],
       [-4.32469986e-06, -4.83154416e-06,  1.00000000e+00]]),
np.array([[ 1.00049695e+00,  1.61877859e-03, -8.70886981e+00],
       [-7.27293971e-04,  1.00049195e+00,  5.38568218e-02],
       [-2.82004552e-06,  5.88598679e-06,  1.00000000e+00]]),
np.array([[ 9.97957838e-01, -2.29365342e-04, -8.41530403e+00],
       [-3.79409858e-04,  9.98317563e-01,  7.82787427e-02],
       [-5.71841893e-06, -6.17426737e-06,  1.00000000e+00]]),
np.array([[ 1.00006831e+00,  6.90835013e-04, -8.61484181e+00],
       [-5.03830459e-04,  9.99334360e-01,  1.12971035e-01],
       [-3.11854723e-06,  1.60990268e-06,  1.00000000e+00]]),
np.array([[ 9.99814573e-01,  2.28675864e-04, -8.39808485e+00],
       [ 2.50890086e-04,  9.99656730e-01, -1.68792138e-01],
       [ 3.11429202e-06, -4.83776645e-06,  1.00000000e+00]]),
np.array([[ 9.99688872e-01, -4.30029256e-04, -8.42812435e+00],
       [-1.46469431e-04,  9.98458165e-01,  3.43348243e-02],
       [-1.33470155e-07, -7.66837766e-06,  1.00000000e+00]]),
np.array([[ 9.98786750e-01,  5.28692814e-04, -8.42790858e+00],
       [-1.81146574e-04,  9.99254644e-01, -9.14463642e-02],
       [-3.14201589e-06, -3.03126055e-06,  1.00000000e+00]]),
np.array([[ 9.98278630e-01, -1.09846477e-04, -8.66505065e+00],
       [-6.90652341e-04,  9.97826918e-01,  6.33664089e-02],
       [-6.43619704e-06, -8.40083239e-06,  1.00000000e+00]]),
np.array([[ 1.00030291e+00,  9.01162296e-04, -8.68152214e+00],
       [-1.12245068e-04,  1.00029751e+00, -1.57197300e-01],
       [-3.39737056e-06,  4.51069159e-06,  1.00000000e+00]]),
np.array([[ 1.00204386e+00,  2.57543667e-03, -8.88743037e+00],
       [ 2.80060388e-04,  1.00184263e+00, -1.87805083e-01],
       [ 1.91959820e-07,  9.09325680e-06,  1.00000000e+00]]),
np.array([[ 9.99767660e-01,  8.72796368e-04, -8.47200964e+00],
       [-5.69459769e-04,  1.00037061e+00, -1.61240523e-02],
       [-4.10794290e-06,  5.15073926e-06,  1.00000000e+00]]),
np.array([[ 9.98818762e-01,  1.28797256e-04, -8.44104650e+00],
       [-8.62983790e-04,  9.98493928e-01,  1.20238831e-01],
       [-5.92150709e-06, -3.99900594e-06,  1.00000000e+00]]),
np.array([[ 9.99257557e-01,  5.28607323e-04, -8.53741276e+00],
       [-2.74099129e-04,  9.99240849e-01, -3.26178789e-02],
       [-4.58619524e-06, -1.33050811e-06,  1.00000000e+00]]),
np.array([[ 1.00004755e+00,  6.27787532e-04, -8.50306959e+00],
       [-5.49387149e-05,  1.00033528e+00, -8.50312645e-02],
       [-1.82261535e-06,  2.64660288e-06,  1.00000000e+00]]),
np.array([[ 9.99878899e-01,  9.01285811e-04, -8.46010998e+00],
       [-9.67824695e-05,  9.99472712e-01, -7.67421634e-03],
       [-7.01659890e-07, -7.75009001e-08,  1.00000000e+00]]),
np.array([[ 9.99917370e-01,  1.03415047e-03, -8.42083449e+00],
       [-3.06909533e-04,  9.99936320e-01, -4.10365001e-02],
       [-2.96053510e-06,  2.44876654e-06,  1.00000000e+00]]),
np.array([[ 1.00018305e+00,  4.54514225e-04, -8.36249964e+00],
       [ 1.23161424e-04,  1.00040595e+00, -1.77577647e-01],
       [-9.98983530e-07,  2.57300887e-06,  1.00000000e+00]]),
np.array([[ 1.00187119e+00,  1.01554031e-03, -8.77331004e+00],
       [ 7.03096014e-04,  1.00135574e+00, -1.13051091e-01],
       [ 3.77375356e-06,  6.70753175e-06,  1.00000000e+00]]),
np.array([[ 9.98369440e-01,  4.79841956e-04, -8.50126223e+00],
       [-4.00348103e-04,  9.98821163e-01,  4.13292975e-02],
       [-3.85295400e-06, -2.17794700e-06,  1.00000000e+00]]),
np.array([[ 9.99081399e-01,  8.59083029e-04, -8.44983683e+00],
       [-4.67772170e-04,  9.99478729e-01, -1.22189463e-04],
       [-6.45795390e-06,  2.62812379e-06,  1.00000000e+00]]),
np.array([[ 9.99624102e-01,  4.26911847e-04, -8.47033778e+00],
       [-3.47696337e-04,  9.99101324e-01,  4.09612928e-02],
       [-3.86930392e-06, -1.92281232e-06,  1.00000000e+00]]),
np.array([[ 1.00064829e+00,  7.57549748e-04, -8.44575759e+00],
       [ 2.88605243e-04,  1.00000657e+00, -3.45629830e-02],
       [ 4.99612639e-06,  9.33614108e-07,  1.00000000e+00]]),
np.array([[ 1.00012280e+00,  3.55673359e-04, -8.44840522e+00],
       [-7.11053587e-05,  9.99366639e-01, -9.07852448e-02],
       [ 4.67406309e-07, -1.80212659e-06,  1.00000000e+00]]),
np.array([[ 9.99762361e-01,  7.03860300e-04, -8.47250030e+00],
       [-1.76328903e-04,  9.99871531e-01, -2.55128208e-02],
       [-3.34286894e-06,  3.90985039e-06,  1.00000000e+00]]),
np.array([[ 9.99848959e-01,  4.02993547e-04, -8.40832124e+00],
       [ 1.68485039e-04,  9.99554558e-01, -1.78068891e-01],
       [ 5.68013806e-07, -2.98720901e-06,  1.00000000e+00]]),
np.array([[ 1.00000306e+00,  4.87558600e-04, -8.36325045e+00],
       [ 9.89246375e-05,  9.99302820e-01, -7.62156967e-02],
       [-2.87518185e-06, -5.93733939e-07,  1.00000000e+00]]),
np.array([[ 1.00168618e+00,  1.49465183e-03, -8.46626321e+00],
       [-5.40848930e-04,  1.00194772e+00,  4.60936463e-03],
       [-1.27927848e-06,  1.47822867e-05,  1.00000000e+00]]),
np.array([[ 1.00005097e+00,  3.17363731e-04, -8.45593974e+00],
       [ 3.17213426e-04,  9.99150906e-01, -3.34583538e-02],
       [ 3.13146212e-06, -4.18970155e-06,  1.00000000e+00]]),
np.array([[ 1.00118286e+00,  1.13081100e-03, -8.69392147e+00],
       [ 9.95167391e-05,  1.00056377e+00, -3.93162365e-02],
       [ 3.06253420e-06,  5.22507560e-06,  1.00000000e+00]]),
np.array([[ 9.98512652e-01,  3.10656062e-04, -8.39093475e+00],
       [-6.02530326e-05,  9.98614834e-01, -2.29920633e-02],
       [-5.08709361e-06, -4.17248027e-06,  1.00000000e+00]]),
np.array([[ 1.00143210e+00,  7.11114239e-04, -8.46398469e+00],
       [ 1.03721930e-04,  1.00050797e+00, -4.04760943e-03],
       [ 6.47542111e-06,  2.60399719e-06,  1.00000000e+00]]),
np.array([[ 1.00147717e+00,  8.22344403e-04, -8.41758486e+00],
       [ 5.62031724e-05,  1.00158040e+00, -1.17166289e-01],
       [ 6.05640321e-06,  8.17420607e-06,  1.00000000e+00]]),
np.array([[ 9.99507500e-01,  5.80644571e-04, -8.42228132e+00],
       [-5.90896556e-05,  9.98907286e-01,  3.88775101e-02],
       [-1.50177860e-06, -3.36946724e-06,  1.00000000e+00]]),
np.array([[ 9.99808952e-01, -1.21604540e-04, -8.35446429e+00],
       [ 1.51556449e-04,  9.99443900e-01, -1.02728997e-01],
       [ 1.83544471e-06, -2.26486281e-06,  1.00000000e+00]]),
np.array([[ 1.00088362e+00,  1.17726652e-03, -8.45151449e+00],
       [ 3.30510190e-04,  1.00137572e+00, -1.08239860e-01],
       [ 3.88837192e-06,  8.77615824e-06,  1.00000000e+00]]),
np.array([[ 9.99091473e-01,  7.72334744e-04, -8.32806600e+00],
       [-7.15154476e-05,  9.99784090e-01, -1.23212431e-01],
       [-2.79480350e-06, -2.42035151e-07,  1.00000000e+00]]),
np.array([[ 1.00088678e+00,  1.04640507e-04, -8.27709534e+00],
       [-9.21998002e-05,  1.00090790e+00, -1.03234112e-02],
       [ 7.65960521e-06,  4.25440325e-06,  1.00000000e+00]]),
np.array([[ 9.98763049e-01,  3.35711251e-04, -8.25631972e+00],
       [-1.86880357e-04,  9.99119790e-01, -4.45621510e-02],
       [-1.68709857e-06, -1.85933574e-06,  1.00000000e+00]]),
np.array([[ 9.96143632e-01, -5.96325315e-04, -8.29948371e+00],
       [-8.97588957e-04,  9.97018811e-01,  1.28322923e-01],
       [-1.03293906e-05, -1.11672616e-05,  1.00000000e+00]]),
np.array([[ 1.00051723e+00,  3.00464672e-07, -8.54012470e+00],
       [ 2.68865136e-04,  9.99113494e-01, -9.02486902e-03],
       [ 7.26272067e-06, -4.95746310e-06,  1.00000000e+00]]),
np.array([[ 9.99874021e-01, -2.06941652e-04, -8.40155478e+00],
       [ 6.01731509e-04,  9.99588657e-01, -4.53262179e-02],
       [ 4.70859947e-06, -7.38436208e-06,  1.00000000e+00]]),
np.array([[ 9.98459803e-01,  4.98203276e-04, -8.31261160e+00],
       [-7.29554502e-04,  9.99834630e-01,  2.89795848e-02],
       [-8.75700135e-06,  5.99952229e-06,  1.00000000e+00]]),
np.array([[ 9.97544364e-01, -3.10600963e-04, -8.23035485e+00],
       [-4.73013534e-05,  9.97796802e-01, -6.02399566e-03],
       [-7.33423404e-06, -9.52853957e-06,  1.00000000e+00]]),
np.array([[ 1.00033330e+00, -1.70901360e-04, -8.38767854e+00],
       [-2.77882234e-05,  9.99526756e-01, -7.52793155e-03],
       [ 5.62887989e-06, -2.59768397e-06,  1.00000000e+00]]),
np.array([[ 9.99766926e-01,  6.27216326e-04, -8.39310577e+00],
       [-2.77556931e-04,  1.00061305e+00, -1.22651592e-01],
       [-1.59402330e-06,  4.39134086e-06,  1.00000000e+00]]),
np.array([[ 1.00058130e+00,  4.69817269e-04, -8.38691826e+00],
       [ 9.32286198e-04,  9.99649644e-01, -1.24684708e-01],
       [ 1.25140554e-05, -7.22702267e-06,  1.00000000e+00]]),
np.array([[ 1.00146686e+00, -1.25186529e-03, -8.25283035e+00],
       [ 9.83399731e-04,  9.99680421e-01, -1.30712654e-01],
       [ 1.75553921e-05, -1.68926369e-05,  1.00000000e+00]]),
np.array([[ 1.00064225e+00, -7.22432397e-04, -8.25592514e+00],
       [ 1.31092398e-04,  9.99765360e-01, -9.00891902e-02],
       [ 1.47636948e-05, -1.30405112e-05,  1.00000000e+00]]),
np.array([[ 1.00119572e+00,  1.35650145e-03, -8.43018954e+00],
       [ 1.15489391e-03,  1.00143224e+00, -1.62646968e-01],
       [ 1.63231652e-05,  3.90988876e-06,  1.00000000e+00]]),
np.array([[ 9.99500656e-01,  7.99547881e-05, -8.51962514e+00],
       [-1.11670244e-04,  9.99925379e-01,  3.33961917e-02],
       [ 3.63363985e-06,  7.46537470e-07,  1.00000000e+00]]),
np.array([[ 1.00093764e+00, -4.85649552e-04, -8.40020244e+00],
       [ 9.48339167e-04,  9.99298552e-01,  2.63541235e-02],
       [ 2.27110131e-05, -1.73909058e-05,  1.00000000e+00]]),
np.array([[ 9.98538266e-01,  7.27686027e-04, -8.28748855e+00],
       [ 7.80367200e-04,  9.99973643e-01, -9.75646764e-02],
       [ 9.55508418e-06, -5.42102394e-06,  1.00000000e+00]]),
np.array([[ 9.98629246e-01,  1.25964275e-04, -8.22274946e+00],
       [ 7.56651676e-04,  9.99749838e-01, -9.30746802e-02],
       [ 1.34883649e-05, -1.10944116e-05,  1.00000000e+00]]),
np.array([[ 9.97303100e-01,  8.76306095e-04, -8.26065724e+00],
       [ 8.24531445e-04,  1.00000120e+00, -1.23756610e-01],
       [ 7.93260406e-06, -8.03442835e-06,  1.00000000e+00]]),
np.array([[ 9.98287267e-01,  3.83976207e-04, -8.35638533e+00],
       [ 1.05472757e-03,  9.98925002e-01, -1.33630742e-01],
       [ 1.29242696e-05, -1.42001288e-05,  1.00000000e+00]]),
np.array([[ 9.96548153e-01,  4.81469184e-04, -8.23177257e+00],
       [ 5.83836557e-04,  9.99078641e-01, -1.23935570e-01],
       [ 5.39096011e-06, -1.08455026e-05,  1.00000000e+00]]),
np.array([[ 9.94758470e-01,  1.46823273e-03, -8.19112262e+00],
       [-9.34028131e-04,  1.00001531e+00, -4.23668343e-02],
       [-7.50800194e-06,  2.96788789e-06,  1.00000000e+00]]),
np.array([[ 9.93090927e-01,  1.34873922e-03, -8.04964275e+00],
       [-8.55311871e-04,  9.98148313e-01,  2.11603666e-02],
       [-1.13212930e-05, -2.44821121e-06,  1.00000000e+00]]),
np.array([[ 9.92912119e-01,  1.42813935e-03, -8.08935593e+00],
       [-9.67875527e-04,  9.97408783e-01,  4.46760534e-02],
       [-1.36622000e-05, -4.26769037e-06,  1.00000000e+00]]),
np.array([[ 9.93480724e-01,  1.60885998e-03, -8.44013222e+00],
       [-7.58714775e-04,  9.98632302e-01, -1.25328981e-02],
       [-1.06732197e-05, -2.22281399e-06,  1.00000000e+00]]),
np.array([[ 9.91211676e-01,  2.03958461e-03, -8.37983023e+00],
       [-1.67935633e-03,  9.95829000e-01,  2.04486811e-01],
       [-2.08444622e-05, -4.26596926e-06,  1.00000000e+00]]),
np.array([[ 9.92093373e-01,  1.87371619e-03, -8.26560411e+00],
       [-1.82048325e-03,  9.98473842e-01,  9.70338699e-02],
       [-2.12270837e-05,  2.43512345e-06,  1.00000000e+00]]),
np.array([[ 9.92163271e-01,  4.23606489e-04, -8.26841442e+00],
       [-9.67754019e-04,  9.95277469e-01,  1.20596181e-01],
       [-1.99695592e-05, -9.26780806e-06,  1.00000000e+00]]),
np.array([[ 9.90294439e-01,  7.16600760e-04, -8.15352317e+00],
       [-2.01357147e-03,  9.95400110e-01,  2.95534201e-01],
       [-2.79168282e-05, -6.43155998e-06,  1.00000000e+00]]),
np.array([[ 9.91553453e-01,  1.39541919e-03, -8.44721680e+00],
       [-2.28546895e-03,  9.96071652e-01,  2.79197805e-01],
       [-2.72628073e-05, -4.67490930e-06,  1.00000000e+00]]),
np.array([[ 9.92448355e-01,  2.49132796e-03, -8.51205457e+00],
       [-2.08026695e-03,  9.97324824e-01,  9.67730641e-02],
       [-2.59667066e-05,  4.35591590e-06,  1.00000000e+00]]),
np.array([[ 9.94526509e-01,  2.57707453e-03, -8.65688511e+00],
       [-2.10831596e-03,  9.99237113e-01,  6.62867383e-02],
       [-2.30774916e-05,  9.75904943e-06,  1.00000000e+00]]),
np.array([[ 9.94491136e-01,  2.15436777e-03, -8.62914599e+00],
       [-1.94500009e-03,  9.97171487e-01,  3.02587177e-01],
       [-2.29223747e-05,  7.95713527e-07,  1.00000000e+00]]),
np.array([[ 1.00237520e+00,  7.05257202e-04, -9.09270421e+00],
       [ 5.03692937e-04,  9.99594763e-01, -1.36176331e-01],
       [ 9.31387673e-06, -8.73094369e-06,  1.00000000e+00]]),
np.array([[ 1.00088313e+00,  2.22390050e-03, -9.13429747e+00],
       [-7.99600730e-04,  1.00218122e+00, -5.66175201e-02],
       [ 2.50450359e-07,  1.11966574e-05,  1.00000000e+00]]),
np.array([[ 9.96289877e-01,  2.19579857e-03, -9.09891414e+00],
       [-1.16706642e-03,  9.97300891e-01,  1.12894237e-01],
       [-1.78428371e-05, -3.19970175e-06,  1.00000000e+00]]),
np.array([[ 9.97971394e-01,  2.08009326e-03, -9.08537972e+00],
       [-1.06268253e-03,  9.98062432e-01,  4.15227373e-02],
       [-1.09736093e-05, -3.96270325e-06,  1.00000000e+00]]),
np.array([[ 9.97515739e-01,  1.79570702e-03, -8.94607923e+00],
       [-8.23112910e-04,  9.97256550e-01,  3.05265382e-02],
       [-1.23599718e-05, -7.43897109e-06,  1.00000000e+00]]),
np.array([[ 9.99030361e-01,  2.42810629e-03, -9.06060682e+00],
       [-9.08328743e-04,  9.98699934e-01,  2.79634727e-02],
       [-6.90337825e-06, -3.48390252e-06,  1.00000000e+00]]),
np.array([[ 9.98787305e-01,  1.78941896e-03, -9.03462342e+00],
       [-5.43802067e-04,  9.97869923e-01, -7.89546226e-03],
       [-8.46283818e-06, -5.95037211e-06,  1.00000000e+00]]),
np.array([[ 1.00055986e+00,  2.08386432e-03, -9.18422074e+00],
       [-2.85245374e-04,  9.98853651e-01, -2.39144914e-02],
       [-2.09164062e-06, -3.68661825e-06,  1.00000000e+00]]),
np.array([[ 1.00004617e+00,  2.56510287e-03, -9.05454577e+00],
       [-4.49093376e-04,  1.00038532e+00, -1.26680221e-01],
       [-7.28708482e-06,  6.20045717e-06,  1.00000000e+00]]),
np.array([[ 9.98210040e-01,  1.92840747e-03, -8.98134325e+00],
       [-1.06340790e-03,  9.96903622e-01,  1.31563935e-01],
       [-1.48054618e-05, -9.25335549e-06,  1.00000000e+00]]),
np.array([[ 1.00045358e+00,  2.14271566e-03, -8.94485200e+00],
       [-1.52638539e-04,  9.99121366e-01, -5.93309004e-02],
       [-3.69123023e-06,  3.33767024e-07,  1.00000000e+00]]),
np.array([[ 9.96944023e-01,  7.53607149e-04, -8.74869716e+00],
       [-1.71802868e-03,  9.95939270e-01,  2.67805881e-01],
       [-1.80582275e-05, -1.09339187e-05,  1.00000000e+00]]),
np.array([[ 9.99556303e-01,  1.77136395e-03, -9.16231748e+00],
       [-1.14708635e-03,  9.98475251e-01, -1.04994707e-02],
       [-7.76421133e-06, -3.17474238e-06,  1.00000000e+00]]),
np.array([[ 1.00236295e+00,  2.68807775e-03, -9.25504167e+00],
       [-6.70569492e-05,  1.00093188e+00,  4.12722607e-02],
       [ 3.57630915e-06,  6.26248264e-06,  1.00000000e+00]]),
np.array([[ 1.00276598e+00,  2.40218422e-03, -9.09280890e+00],
       [ 6.33512227e-04,  1.00092610e+00, -6.75753789e-02],
       [ 7.50103520e-06,  6.17602450e-06,  1.00000000e+00]]),
np.array([[ 1.00202185e+00,  2.65060222e-03, -9.05472704e+00],
       [ 8.04479174e-05,  1.00022431e+00, -5.15407601e-02],
       [ 3.24813898e-06,  1.49941989e-06,  1.00000000e+00]]),
np.array([[ 1.00345910e+00,  2.07903297e-03, -9.06834289e+00],
       [ 1.11689808e-03,  1.00210330e+00, -2.32150379e-01],
       [ 1.24866931e-05,  3.56412317e-06,  1.00000000e+00]]),
np.array([[ 9.99863005e-01,  1.89974634e-03, -9.00963358e+00],
       [-5.75909098e-04,  9.97902505e-01, -2.85165128e-02],
       [-7.06551370e-06, -6.97080300e-06,  1.00000000e+00]]),
np.array([[ 1.00256896e+00,  2.19606806e-03, -8.99836337e+00],
       [ 3.33855610e-04,  1.00116785e+00, -1.42995175e-02],
       [ 1.02970180e-05,  4.30985084e-06,  1.00000000e+00]]),
np.array([[ 1.00100956e+00,  1.23616543e-03, -8.90427920e+00],
       [ 1.27220944e-04,  9.98860658e-01, -4.11029846e-02],
       [ 6.26012253e-06, -1.05759371e-05,  1.00000000e+00]]),
np.array([[ 1.00270809e+00,  2.35249757e-03, -8.93122046e+00],
       [ 7.50186056e-04,  1.00106143e+00, -1.73356100e-01],
       [ 1.11898674e-05, -6.60207580e-07,  1.00000000e+00]]),
np.array([[ 1.00268797e+00,  1.05143512e-03, -8.83804922e+00],
       [ 1.05335747e-03,  9.99940930e-01, -8.76622857e-02],
       [ 1.45462266e-05, -7.46732565e-06,  1.00000000e+00]]),
np.array([[ 9.99888355e-01,  3.18154184e-03, -8.97283711e+00],
       [-3.75878504e-04,  1.00093591e+00, -7.51635484e-02],
       [-4.01182629e-07,  4.09026165e-06,  1.00000000e+00]]),
np.array([[ 1.00005878e+00,  1.94391173e-03, -9.02203228e+00],
       [ 4.88551525e-04,  9.99050836e-01, -1.33963187e-01],
       [ 3.68955367e-06, -6.04362501e-06,  1.00000000e+00]]),
np.array([[ 1.00052705e+00,  1.56705360e-03, -8.84311649e+00],
       [ 2.25547100e-04,  1.00025047e+00, -8.67530982e-02],
       [ 8.08613539e-06, -6.26682525e-06,  1.00000000e+00]]),
np.array([[ 1.00042041e+00,  2.13988091e-03, -8.81598277e+00],
       [-1.33643198e-04,  9.99572118e-01,  3.70021628e-02],
       [-1.76782746e-07,  2.43214469e-06,  1.00000000e+00]]),
np.array([[ 9.99342597e-01,  3.20517520e-03, -8.81218876e+00],
       [-7.09322282e-05,  1.00064847e+00, -1.85726296e-01],
       [-4.45143769e-06,  7.00272550e-06,  1.00000000e+00]]),
np.array([[ 9.99536232e-01,  1.65114690e-03, -8.76430739e+00],
       [-5.49011959e-04,  1.00009654e+00, -8.69497654e-03],
       [ 1.73341846e-07, -1.87350005e-06,  1.00000000e+00]]),
np.array([[ 9.98744490e-01,  2.48966364e-03, -8.79489363e+00],
       [-6.20792785e-04,  9.98881341e-01,  8.00596996e-02],
       [-7.00483213e-06,  4.90275647e-06,  1.00000000e+00]]),
np.array([[ 9.99861328e-01,  2.07252109e-03, -8.75129073e+00],
       [-3.93294966e-04,  1.00024162e+00, -6.64877045e-03],
       [ 1.86413482e-07,  2.23022597e-06,  1.00000000e+00]]),
np.array([[ 1.00071154e+00,  2.40102551e-03, -8.86994799e+00],
       [ 5.94962155e-04,  9.99452725e-01, -8.74549927e-03],
       [ 1.92946014e-06, -1.64534457e-06,  1.00000000e+00]]),
np.array([[ 1.00097913e+00,  2.37491946e-03, -8.72961892e+00],
       [-5.08174878e-04,  1.00124918e+00, -2.71423301e-02],
       [ 2.72413996e-06,  5.96855190e-06,  1.00000000e+00]]),
np.array([[ 9.99352473e-01,  1.76069626e-03, -8.69879492e+00],
       [-2.89616975e-04,  9.98667292e-01,  3.35843458e-02],
       [-2.01630870e-07, -6.31344178e-06,  1.00000000e+00]]),
np.array([[ 9.98813230e-01,  2.59363312e-03, -8.96309289e+00],
       [-7.44590720e-04,  1.00007856e+00, -2.86225445e-02],
       [-7.63852002e-06,  6.19201520e-06,  1.00000000e+00]]),
np.array([[ 1.00182396e+00,  2.18743051e-03, -9.02562675e+00],
       [-4.89635697e-04,  1.00020787e+00,  2.94285663e-02],
       [ 2.57313585e-06,  6.15107600e-06,  1.00000000e+00]]),
np.array([[ 9.98172651e-01,  1.76173000e-03, -8.71947411e+00],
       [-8.19887742e-04,  9.98588062e-01,  1.30499135e-02],
       [-1.06063415e-05, -6.77914225e-07,  1.00000000e+00]]),
np.array([[ 9.99644853e-01,  1.92395641e-03, -8.78593241e+00],
       [-9.13576275e-04,  9.98539531e-01,  7.59628493e-02],
       [-5.50505407e-06, -2.63074633e-06,  1.00000000e+00]]),
np.array([[ 9.99604346e-01,  2.27502271e-03, -8.81533682e+00],
       [-6.59048589e-04,  1.00008111e+00, -9.28697085e-02],
       [-7.64370054e-06,  6.62501958e-06,  1.00000000e+00]]),
np.array([[ 9.99776111e-01,  2.23515564e-03, -8.83766170e+00],
       [-9.44789765e-04,  9.99719328e-01,  4.08786225e-02],
       [-5.93103030e-06,  4.19736105e-06,  1.00000000e+00]]),
np.array([[ 9.99526907e-01,  2.01113689e-03, -8.81576652e+00],
       [-7.61450674e-04,  9.99191071e-01, -4.74581868e-02],
       [-1.15923143e-05,  2.18270640e-06,  1.00000000e+00]]),
np.array([[ 1.00015837e+00,  1.49573547e-03, -8.74724032e+00],
       [-5.83760103e-04,  9.99045179e-01,  9.73146525e-03],
       [-4.48636847e-06, -1.05411943e-06,  1.00000000e+00]]),
np.array([[ 1.00072650e+00,  1.90675976e-03, -8.72591214e+00],
       [-5.43155350e-04,  9.99447639e-01,  4.49499260e-02],
       [-5.47337910e-06,  2.91478663e-06,  1.00000000e+00]]),
np.array([[ 1.00225673e+00,  1.81563261e-03, -8.73179284e+00],
       [ 8.48030052e-04,  1.00020602e+00, -1.13278653e-01],
       [ 8.16316108e-06, -1.01598675e-06,  1.00000000e+00]]),
np.array([[ 1.00286065e+00,  2.36497867e-03, -9.02943125e+00],
       [ 5.52475237e-04,  1.00183917e+00, -7.57114148e-02],
       [ 4.74014944e-06,  9.60672256e-06,  1.00000000e+00]]),
np.array([[ 1.00068543e+00,  1.10863872e-03, -8.92272330e+00],
       [-2.44436531e-04,  9.98355307e-01,  8.91366835e-02],
       [-1.43850969e-06, -7.94262279e-06,  1.00000000e+00]]),
np.array([[ 1.00129982e+00,  1.33290170e-03, -8.78544566e+00],
       [-3.99425987e-04,  1.00005941e+00, -8.24066591e-02],
       [-1.95296329e-06,  1.61681617e-06,  1.00000000e+00]]),
np.array([[ 1.00196781e+00,  2.17019420e-03, -8.78807243e+00],
       [-1.43590767e-04,  1.00115786e+00, -2.79544400e-02],
       [ 1.84592570e-06,  4.84583050e-06,  1.00000000e+00]]),
np.array([[ 1.00124413e+00,  1.69170911e-03, -8.72142570e+00],
       [-3.30549709e-04,  1.00000465e+00, -4.93360557e-02],
       [-4.28257974e-07,  1.78448785e-06,  1.00000000e+00]]),
np.array([[ 1.00141917e+00,  1.83991696e-03, -8.78352610e+00],
       [ 7.77753375e-05,  1.00041335e+00, -7.76722901e-02],
       [ 1.14418611e-06,  4.25777722e-06,  1.00000000e+00]]),
np.array([[ 1.00220552e+00,  1.55026181e-03, -8.79096901e+00],
       [-4.52977630e-04,  1.00018614e+00, -7.18084833e-02],
       [ 4.11677549e-06, -1.84948200e-06,  1.00000000e+00]]),
np.array([[ 1.00149130e+00,  2.33307183e-03, -8.75980611e+00],
       [-6.98238162e-04,  1.00147592e+00, -1.43489106e-01],
       [-5.27714123e-06,  1.07512655e-05,  1.00000000e+00]]),
np.array([[ 1.00240768e+00,  2.06257556e-03, -8.72300850e+00],
       [-3.66164236e-04,  1.00125915e+00, -7.31468027e-02],
       [ 5.34532307e-06,  5.58016278e-06,  1.00000000e+00]]),
np.array([[ 1.00154470e+00,  8.45542145e-04, -8.46742257e+00],
       [-4.89279497e-05,  9.99883980e-01, -8.99667533e-02],
       [ 4.09347616e-06,  2.10636371e-07,  1.00000000e+00]]),
np.array([[ 1.00148690e+00,  1.77355242e-03, -8.62653915e+00],
       [-3.35019212e-04,  1.00025403e+00,  2.22854818e-02],
       [ 6.38424177e-07,  4.55889458e-06,  1.00000000e+00]]),
np.array([[ 1.00146112e+00,  1.53836145e-03, -8.81507459e+00],
       [-1.97532230e-04,  1.00198272e+00, -1.32147313e-01],
       [-2.79259801e-07,  9.45372184e-06,  1.00000000e+00]]),
np.array([[ 1.00022240e+00,  1.25708181e-03, -8.09387034e+00],
       [-4.78939659e-04,  9.99735224e-01,  5.90787427e-02],
       [-8.87286174e-07,  3.22912169e-07,  1.00000000e+00]]),
np.array([[ 1.00194439e+00,  1.18760225e-03, -7.07815262e+00],
       [-7.10430859e-05,  1.00144029e+00, -6.69581648e-02],
       [ 3.47902612e-06,  7.03913545e-06,  1.00000000e+00]]),
np.array([[ 1.00095121e+00,  1.06301012e-03, -6.00646678e+00],
       [ 9.56183143e-05,  1.00047279e+00, -6.73393621e-03],
       [ 9.66935394e-07,  6.00016234e-06,  1.00000000e+00]]),
np.array([[ 9.97475238e-01, -4.79865351e-04, -4.70461568e+00],
       [-7.02065942e-04,  9.97910130e-01,  1.04682036e-01],
       [-6.99419215e-06, -4.66983586e-06,  1.00000000e+00]]),
np.array([[ 9.99604404e-01,  8.26697620e-05, -3.97310798e+00],
       [-3.54613908e-04,  9.99612643e-01,  6.86998735e-03],
       [-2.01734159e-06, -1.86327143e-06,  1.00000000e+00]]),
np.array([[ 9.99440075e-01,  2.86956677e-04, -2.93807582e+00],
       [ 2.15526622e-04,  9.99831016e-01, -4.07071113e-02],
       [-1.44471237e-07, -3.16424002e-07,  1.00000000e+00]]),
np.array([[ 9.98708148e-01, -2.28614622e-04, -1.94968273e+00],
       [-3.06399754e-04,  9.98843789e-01,  8.00304175e-02],
       [-1.80483055e-06, -5.85477296e-06,  1.00000000e+00]]),
np.array([[ 1.00017243e+00,  6.30935267e-05, -1.11985461e+00],
       [-5.44197350e-05,  1.00078561e+00, -5.97714505e-02],
       [ 1.98398501e-07,  3.97277386e-06,  1.00000000e+00]])]