[np.array([[ 1.00094694e+00,  4.58674231e-04,  2.23797135e+00],
       [-2.02397424e-04,  1.00127000e+00, -5.94025487e-02],
       [-5.49597736e-07,  7.95398569e-06,  1.00000000e+00]]),
np.array([[ 1.00042855e+00, -2.57984998e-03,  3.56980084e+00],
       [ 9.51030572e-04,  1.00070824e+00, -2.97407313e-02],
       [ 3.91084921e-06,  1.53516802e-06,  1.00000000e+00]]),
np.array([[ 1.00072662e+00,  6.72523462e-04,  4.28907141e+00],
       [-2.73718505e-05,  9.99713870e-01,  5.69051659e-02],
       [ 3.11300796e-06, -3.57631461e-06,  1.00000000e+00]]),
np.array([[ 9.98113693e-01, -9.76926936e-04,  5.44709189e+00],
       [-1.07538749e-04,  9.98577689e-01,  4.20489220e-02],
       [-3.61117670e-06, -1.53037430e-05,  1.00000000e+00]]),
np.array([[ 1.00036437e+00, -9.67761167e-05,  6.18906237e+00],
       [ 3.10093064e-04,  1.00014987e+00, -8.72269479e-04],
       [ 5.93869772e-07, -1.36232184e-07,  1.00000000e+00]]),
np.array([[ 1.00515486e+00,  6.15899986e-04,  6.89928499e+00],
       [ 7.76218855e-04,  1.00370137e+00, -1.43058187e-01],
       [ 1.33799237e-05,  1.18237810e-05,  1.00000000e+00]]),
np.array([[ 1.00387964e+00,  2.01857194e-04,  7.96204157e+00],
       [ 9.62533137e-04,  1.00161971e+00, -8.00250836e-02],
       [ 1.36662133e-05,  3.45207400e-06,  1.00000000e+00]]),
np.array([[ 1.00148314e+00, -1.02719612e-03,  8.47094267e+00],
       [ 1.26591522e-03,  9.99519486e-01,  5.16226674e-02],
       [ 9.83774331e-06, -6.21602590e-06,  1.00000000e+00]]),
np.array([[ 1.00119961e+00, -1.37270388e-03,  8.45563987e+00],
       [-3.23114088e-04,  9.99506495e-01,  7.11220696e-02],
       [ 8.76458275e-07, -8.59538660e-06,  1.00000000e+00]]),
np.array([[ 1.00358501e+00, -3.02526356e-03,  8.45460278e+00],
       [ 1.05497059e-03,  1.00030030e+00,  3.01295079e-02],
       [ 1.46231218e-05, -7.12976421e-06,  1.00000000e+00]]),
np.array([[ 9.98992738e-01, -2.55170507e-03,  8.47884655e+00],
       [-1.94080465e-04,  9.98973206e-01,  3.62121659e-02],
       [-6.90647997e-06, -1.56519573e-05,  1.00000000e+00]]),
np.array([[ 1.00222155e+00, -5.00665696e-03,  8.41929751e+00],
       [ 1.11074345e-03,  9.93304803e-01,  2.71756462e-01],
       [ 2.38138005e-05, -5.30434390e-05,  1.00000000e+00]]),
np.array([[ 1.00407924e+00, -9.96662902e-04,  8.32339145e+00],
       [ 9.26868525e-04,  1.00281477e+00, -1.23385898e-01],
       [ 9.57752692e-06,  1.04979120e-05,  1.00000000e+00]]),
np.array([[ 1.00652080e+00,  8.20788488e-04,  8.24624609e+00],
       [ 4.22341357e-04,  1.00594547e+00, -1.25585941e-01],
       [ 1.35871955e-05,  3.66543766e-05,  1.00000000e+00]]),
np.array([[ 9.99141980e-01, -6.66509509e-04,  8.31292884e+00],
       [-9.51002430e-04,  9.96162945e-01,  1.55747230e-01],
       [-8.92125742e-06, -2.52377693e-05,  1.00000000e+00]]),
np.array([[ 9.99961982e-01, -2.01949237e-03,  8.44142744e+00],
       [ 7.03481822e-04,  9.99765722e-01, -6.68715911e-02],
       [ 1.13397737e-06, -1.34749384e-05,  1.00000000e+00]]),
np.array([[ 1.00281347e+00, -3.30920510e-03,  8.34830352e+00],
       [ 8.83623166e-04,  1.00071527e+00, -9.52220017e-02],
       [ 5.63289518e-06, -8.75576306e-06,  1.00000000e+00]]),
np.array([[ 1.00224877e+00,  5.53395894e-05,  8.27893506e+00],
       [-5.58134835e-05,  9.99987552e-01,  9.59353804e-02],
       [ 5.59877845e-06, -4.14272681e-06,  1.00000000e+00]]),
np.array([[ 1.00252571e+00, -3.81111022e-03,  8.60722799e+00],
       [ 8.08598633e-05,  9.99264222e-01,  8.86574233e-02],
       [ 9.48480308e-06, -1.69452536e-05,  1.00000000e+00]]),
np.array([[ 1.00218804e+00, -7.09386198e-04,  8.33790843e+00],
       [ 3.01875983e-04,  1.00072970e+00,  6.35900981e-02],
       [ 6.16569478e-07,  6.11776722e-06,  1.00000000e+00]]),
np.array([[ 1.00115740e+00,  1.51037793e-04,  8.37825767e+00],
       [-5.41030235e-04,  1.00140243e+00,  1.11961201e-01],
       [ 1.68090827e-07,  5.96753635e-06,  1.00000000e+00]]),
np.array([[ 1.00211014e+00, -1.73246421e-03,  8.40113277e+00],
       [-2.07165639e-04,  1.00021723e+00,  7.60974375e-02],
       [ 6.86231206e-06, -5.75361992e-06,  1.00000000e+00]]),
np.array([[ 1.00087285e+00, -4.40714710e-03,  8.49705854e+00],
       [-7.12796239e-04,  9.98758869e-01,  1.56965895e-01],
       [ 3.07389195e-06, -1.65145757e-05,  1.00000000e+00]]),
np.array([[ 1.00757941e+00, -4.20276870e-03,  8.30556026e+00],
       [ 1.74518700e-03,  9.99250143e-01, -5.82428474e-02],
       [ 3.46872604e-05, -2.84988213e-05,  1.00000000e+00]]),
np.array([[ 9.99978960e-01, -3.08722147e-04,  8.49683426e+00],
       [ 5.10431547e-04,  1.00014505e+00, -1.35833453e-01],
       [-3.07667114e-06,  5.24549168e-06,  1.00000000e+00]]),
np.array([[ 1.00223430e+00, -1.56465799e-03,  8.42821869e+00],
       [ 1.24065398e-03,  1.00060722e+00, -9.99188449e-02],
       [ 1.06002022e-05, -4.82040653e-06,  1.00000000e+00]]),
np.array([[ 1.00146494e+00, -1.28625461e-03,  8.37237305e+00],
       [ 8.71174659e-04,  9.99818674e-01, -3.42410536e-02],
       [ 5.41048446e-06, -5.14006037e-06,  1.00000000e+00]]),
np.array([[ 9.99696717e-01,  2.21333561e-04,  8.45847511e+00],
       [-6.38036204e-06,  1.00107172e+00, -2.54354566e-02],
       [-1.12639082e-06,  5.22850855e-06,  1.00000000e+00]]),
np.array([[ 1.00194914e+00, -3.75433331e-04,  8.62698512e+00],
       [ 1.82710331e-04,  1.00194024e+00,  4.82437000e-02],
       [ 6.01709671e-06,  5.19862531e-06,  1.00000000e+00]]),
np.array([[ 1.00371857e+00, -1.32812543e-03,  8.52739625e+00],
       [ 2.30899347e-03,  1.00086054e+00, -5.93852512e-02],
       [ 1.49278005e-05, -3.48640046e-06,  1.00000000e+00]]),
np.array([[ 1.00476186e+00, -1.58615172e-03,  8.39355635e+00],
       [ 1.58283315e-03,  1.00258403e+00, -4.72547547e-02],
       [ 1.52223988e-05,  2.87824612e-06,  1.00000000e+00]]),
np.array([[ 9.99302587e-01, -9.85744028e-04,  8.61691973e+00],
       [ 6.43708653e-05,  9.99399426e-01,  2.04419477e-02],
       [-1.33590329e-06, -1.62653146e-06,  1.00000000e+00]]),
np.array([[ 1.00152122e+00, -1.03386945e-04,  8.38200986e+00],
       [ 5.35777909e-04,  1.00170841e+00, -1.29712950e-02],
       [ 4.49567913e-06,  4.83809091e-06,  1.00000000e+00]]),
np.array([[ 9.99368371e-01, -1.54453678e-03,  8.70536425e+00],
       [ 6.08203319e-04,  9.99564784e-01, -4.19489611e-02],
       [ 1.55433522e-06, -4.53267005e-06,  1.00000000e+00]]),
np.array([[ 1.00205524e+00,  2.85062953e-04,  8.43276603e+00],
       [ 3.87043924e-04,  1.00164221e+00, -7.56062655e-02],
       [ 5.79392364e-06,  6.20282858e-06,  1.00000000e+00]]),
np.array([[ 9.99937009e-01, -7.01308096e-04,  8.61460597e+00],
       [ 5.17726689e-04,  1.00062943e+00, -1.08487478e-01],
       [ 3.19524125e-06, -1.62046003e-06,  1.00000000e+00]]),
np.array([[ 1.00021474e+00, -2.13539601e-04,  8.40048026e+00],
       [-2.29023651e-04,  1.00035518e+00,  1.66011714e-01],
       [-2.88106256e-06,  4.65302235e-06,  1.00000000e+00]]),
np.array([[ 1.00033982e+00,  4.87231952e-04,  8.43066155e+00],
       [ 1.63776872e-04,  1.00154208e+00, -3.37510933e-02],
       [ 3.13743146e-07,  7.61675488e-06,  1.00000000e+00]]),
np.array([[ 1.00121721e+00, -5.06992944e-04,  8.43885227e+00],
       [ 1.87216215e-04,  1.00071217e+00,  9.34725538e-02],
       [ 3.20370765e-06,  3.01109667e-06,  1.00000000e+00]]),
np.array([[ 1.00171600e+00,  2.03205753e-04,  8.67877212e+00],
       [ 7.25860170e-04,  1.00215808e+00, -6.31054231e-02],
       [ 6.42085628e-06,  8.30357646e-06,  1.00000000e+00]]),
np.array([[ 9.99696171e-01, -9.36952544e-04,  8.67949379e+00],
       [ 1.13271042e-04,  9.99673493e-01,  1.58710803e-01],
       [ 3.41555934e-06, -4.46898087e-06,  1.00000000e+00]]),
np.array([[ 9.97957155e-01, -2.56757946e-03,  8.86147866e+00],
       [-3.00997829e-04,  9.98170052e-01,  1.89018245e-01],
       [-3.44310446e-07, -8.78433297e-06,  1.00000000e+00]]),
np.array([[ 1.00042210e+00, -1.08798931e-03,  8.48060648e+00],
       [ 7.78986185e-04,  9.99481430e-01,  9.49795291e-03],
       [ 6.57726352e-06, -7.22497647e-06,  1.00000000e+00]]),
np.array([[ 1.00103961e+00, -1.20539925e-04,  8.45651125e+00],
       [ 8.08726435e-04,  1.00132916e+00, -1.05410542e-01],
       [ 5.38456838e-06,  3.54743309e-06,  1.00000000e+00]]),
np.array([[ 1.00073817e+00, -5.20669617e-04,  8.54470209e+00],
       [ 2.75327604e-04,  1.00071326e+00,  3.57314247e-02],
       [ 4.60970486e-06,  1.32272995e-06,  1.00000000e+00]]),
np.array([[ 9.99952725e-01, -6.50153035e-04,  8.50314890e+00],
       [ 5.80607910e-05,  9.99641912e-01,  8.62942754e-02],
       [ 1.85981669e-06, -2.64427714e-06,  1.00000000e+00]]),
np.array([[ 1.00012145e+00, -9.02697132e-04,  8.46179270e+00],
       [ 1.01378372e-04,  1.00051604e+00,  8.96553843e-03],
       [ 7.50971380e-07,  6.86732391e-08,  1.00000000e+00]]),
np.array([[ 1.00007233e+00, -1.06044463e-03,  8.42263892e+00],
       [ 3.06144455e-04,  1.00002274e+00,  4.48087182e-02],
       [ 2.96301150e-06, -2.49115326e-06,  1.00000000e+00]]),
np.array([[ 9.99813874e-01, -4.73002410e-04,  8.36135072e+00],
       [-1.21000169e-04,  9.99581303e-01,  1.77117416e-01],
       [ 1.01393316e-06, -2.55182502e-06,  1.00000000e+00]]),
np.array([[ 9.98124023e-01, -1.08097382e-03,  8.75821709e+00],
       [-6.98030186e-04,  9.98653274e-01,  1.08218129e-01],
       [-3.72300728e-06, -6.79400973e-06,  1.00000000e+00]]),
np.array([[ 1.00164085e+00, -4.63886230e-04,  8.51576902e+00],
       [ 4.07497988e-04,  1.00115069e+00, -3.79552767e-02],
       [ 3.94740702e-06,  2.19637893e-06,  1.00000000e+00]]),
np.array([[ 1.00089628e+00, -9.02032467e-04,  8.46043023e+00],
       [ 4.68788526e-04,  1.00042935e+00,  5.99731157e-03],
       [ 6.49814897e-06, -2.79513372e-06,  1.00000000e+00]]),
np.array([[ 1.00036003e+00, -4.12705090e-04,  8.47474969e+00],
       [ 3.47506932e-04,  1.00085163e+00, -3.69477986e-02],
       [ 3.85944488e-06,  1.90113078e-06,  1.00000000e+00]]),
np.array([[ 9.99335912e-01, -7.64401481e-04,  8.44172807e+00],
       [-2.90029105e-04,  1.00003047e+00,  3.29637258e-02],
       [-5.00140611e-06, -9.06055995e-07,  1.00000000e+00]]),
np.array([[ 9.99871640e-01, -3.43540243e-04,  8.44807911e+00],
       [ 7.49571074e-05,  1.00062175e+00,  9.24548613e-02],
       [-4.28805832e-07,  1.76409180e-06,  1.00000000e+00]]),
np.array([[ 1.00013221e+00, -7.75413864e-04,  8.47853347e+00],
       [ 1.76088890e-04,  9.99956347e-01,  3.06983845e-02],
       [ 2.92231534e-06, -4.35842750e-06,  1.00000000e+00]]),
np.array([[ 1.00014719e+00, -3.71868499e-04,  8.41003824e+00],
       [-1.72138951e-04,  1.00046322e+00,  1.77076561e-01],
       [-5.75760420e-07,  3.10931454e-06,  1.00000000e+00]]),
np.array([[ 1.00000013e+00, -4.86876347e-04,  8.36388500e+00],
       [-1.00051986e-04,  1.00067049e+00,  7.62947712e-02],
       [ 2.92252965e-06,  6.08237072e-07,  1.00000000e+00]]),
np.array([[ 9.98305844e-01, -1.62197939e-03,  8.45359923e+00],
       [ 5.43135833e-04,  9.98028104e-01,  9.45670652e-04],
       [ 1.33967926e-06, -1.48151748e-05,  1.00000000e+00]]),
np.array([[ 9.99194055e-01, -1.35520574e-03,  8.58767732e+00],
       [ 2.05420573e-04,  9.99450736e-01,  3.74084863e-02],
       [-1.71206233e-06, -3.71442686e-06,  1.00000000e+00]]),
np.array([[ 9.98929119e-01, -1.14903373e-03,  8.68147041e+00],
       [-1.27496730e-04,  9.99639347e-01,  3.28720976e-02],
       [-2.96064444e-06, -4.36950266e-06,  1.00000000e+00]]),
np.array([[ 1.00151515e+00, -2.65058803e-04,  8.40284414e+00],
       [ 6.36918433e-05,  1.00137892e+00,  2.29239160e-02],
       [ 5.19418398e-06,  4.38634394e-06,  1.00000000e+00]]),
np.array([[ 9.98554802e-01, -7.35248412e-04,  8.45292035e+00],
       [-1.09315894e-04,  9.99536814e-01,  4.21204916e-03],
       [-6.51064418e-06, -2.59565162e-06,  1.00000000e+00]]),
np.array([[ 9.98529359e-01, -9.07991482e-04,  8.40619384e+00],
       [-5.60195818e-05,  9.98460724e-01,  1.17235731e-01],
       [-5.99623265e-06, -8.20606219e-06,  1.00000000e+00]]),
np.array([[ 1.00048037e+00, -5.59258890e-04,  8.42790672e+00],
       [ 5.42696508e-05,  1.00107524e+00, -3.75124531e-02],
       [ 1.48635814e-06,  3.38760981e-06,  1.00000000e+00]]),
np.array([[ 1.00016125e+00,  1.30191010e-04,  8.35805885e+00],
       [-1.61057214e-04,  1.00054677e+00,  1.03284080e-01],
       [-1.91920203e-06,  2.20847931e-06,  1.00000000e+00]]),
np.array([[ 9.99096832e-01, -1.25182762e-03,  8.44539187e+00],
       [-3.38772497e-04,  9.98653691e-01,  1.06408256e-01],
       [-3.95692644e-06, -8.71117084e-06,  1.00000000e+00]]),
np.array([[ 1.00090046e+00, -7.80270569e-04,  8.33691662e+00],
       [ 6.67019984e-05,  1.00017529e+00,  1.25400380e-01],
       [ 2.80298901e-06,  2.19072751e-07,  1.00000000e+00]]),
np.array([[ 9.99114873e-01, -1.45872652e-04,  8.27060387e+00],
       [ 9.17726566e-05,  9.99144117e-01,  1.20550844e-02],
       [-7.60345876e-06, -4.27385512e-06,  1.00000000e+00]]),
np.array([[ 1.00120842e+00, -3.40660320e-04,  8.26899582e+00],
       [ 1.79507044e-04,  1.00082477e+00,  4.84919847e-02],
       [ 1.63238391e-06,  1.70438921e-06,  1.00000000e+00]]),
np.array([[ 1.00383755e+00,  6.57839476e-04,  8.33481024e+00],
       [ 9.00711696e-04,  1.00282175e+00, -1.18043971e-01],
       [ 1.03781313e-05,  1.08027625e-05,  1.00000000e+00]]),
np.array([[ 9.99472021e-01,  2.49002140e-05,  8.53757812e+00],
       [-2.66533349e-04,  1.00091129e+00,  8.33115504e-03],
       [-7.19762459e-06,  4.79480993e-06,  1.00000000e+00]]),
np.array([[ 9.98654839e-01,  2.45399934e-03,  8.39624342e+00],
       [-1.14409464e-03,  1.00165343e+00,  3.94172063e-02],
       [-1.76910878e-05,  2.85275143e-05,  1.00000000e+00]]),
np.array([[ 1.00156250e+00, -5.69168238e-04,  8.32590432e+00],
       [ 7.46541506e-04,  1.00005173e+00, -2.20564845e-02],
       [ 9.00179908e-06, -6.27785466e-06,  1.00000000e+00]]),
np.array([[1.00244611e+00, 3.78295373e-04, 8.25211343e+00],
       [5.51420574e-05, 1.00210872e+00, 7.48769643e-03],
       [7.40890421e-06, 9.35989781e-06, 1.00000000e+00]]),
np.array([[ 9.99641626e-01,  1.71440840e-04,  8.38708650e+00],
       [ 3.00195991e-05,  1.00047180e+00,  9.40021964e-03],
       [-5.60858453e-06,  2.35465318e-06,  1.00000000e+00]]),
np.array([[ 1.00022788e+00, -6.70995049e-04,  8.39592004e+00],
       [ 2.82538860e-04,  9.99352021e-01,  1.25679707e-01],
       [ 1.64445133e-06, -4.47979899e-06,  1.00000000e+00]]),
np.array([[ 9.99393570e-01, -4.22234458e-04,  8.38369457e+00],
       [-9.36449155e-04,  1.00041755e+00,  1.18620173e-01],
       [-1.25705811e-05,  7.13257330e-06,  1.00000000e+00]]),
np.array([[ 9.98845678e-01,  1.02951726e-03,  8.24138422e+00],
       [-9.57547667e-04,  1.00045350e+00,  1.22151522e-01],
       [-1.56334205e-05,  1.45089226e-05,  1.00000000e+00]]),
np.array([[ 9.99555342e-01,  9.02031862e-04,  8.25044709e+00],
       [-5.72876302e-04,  1.00053220e+00,  1.15903268e-01],
       [-1.22498989e-05,  1.20989404e-05,  1.00000000e+00]]),
np.array([[ 9.98751076e-01, -1.40009732e-03,  8.42238052e+00],
       [-1.16323438e-03,  9.98653331e-01,  1.54801202e-01],
       [-1.64845632e-05, -4.08564694e-06,  1.00000000e+00]]),
np.array([[ 1.00048832e+00, -9.64210873e-05,  8.52477257e+00],
       [ 1.17318692e-04,  1.00007740e+00, -3.16089496e-02],
       [-3.57982802e-06, -9.04212654e-07,  1.00000000e+00]]),
np.array([[ 9.99024205e-01,  6.16513695e-04,  8.39426065e+00],
       [-9.50441989e-04,  1.00082990e+00, -3.16775619e-02],
       [-2.27978215e-05,  1.71955054e-05,  1.00000000e+00]]),
np.array([[ 1.00143294e+00, -6.87817501e-04,  8.30095650e+00],
       [-7.87383185e-04,  1.00007541e+00,  9.26022497e-02],
       [-9.66693701e-06,  5.36747206e-06,  1.00000000e+00]]),
np.array([[ 1.00136986e+00, -3.38545623e-05,  8.23445340e+00],
       [-7.56986947e-04,  1.00034774e+00,  8.78081711e-02],
       [-1.34991624e-05,  1.11122464e-05,  1.00000000e+00]]),
np.array([[ 1.00268703e+00, -8.08295664e-04,  8.28359001e+00],
       [-8.28448483e-04,  1.00004816e+00,  1.17853140e-01],
       [-8.00606799e-06,  8.03961367e-06,  1.00000000e+00]]),
np.array([[ 1.00170350e+00, -2.73170360e-04,  8.37189144e+00],
       [-1.05474161e-03,  1.00116144e+00,  1.25809686e-01],
       [-1.29287302e-05,  1.41266689e-05,  1.00000000e+00]]),
np.array([[ 1.00342849e+00, -3.96637408e-04,  8.26195561e+00],
       [-5.92695700e-04,  1.00093239e+00,  1.21295161e-01],
       [-5.51409701e-06,  1.08096898e-05,  1.00000000e+00]]),
np.array([[ 1.00527065e+00, -1.50941927e-03,  8.23486373e+00],
       [ 9.50181506e-04,  9.99894893e-01,  5.07103942e-02],
       [ 7.63682462e-06, -3.11574053e-06,  1.00000000e+00]]),
np.array([[ 1.00695651e+00, -1.31048605e-03,  8.10467076e+00],
       [ 8.63799261e-04,  1.00177664e+00, -1.40973246e-02],
       [ 1.13710029e-05,  2.64047238e-06,  1.00000000e+00]]),
np.array([[ 1.00713551e+00, -1.40847333e-03,  8.14799214e+00],
       [ 9.81689856e-04,  1.00247155e+00, -3.61285911e-02],
       [ 1.38103635e-05,  4.23359624e-06,  1.00000000e+00]]),
np.array([[ 1.00656644e+00, -1.60841438e-03,  8.49583623e+00],
       [ 7.77022166e-04,  1.00125158e+00,  1.99159886e-02],
       [ 1.08329428e-05,  2.11508791e-06,  1.00000000e+00]]),
np.array([[ 1.00884883e+00, -2.02284076e-03,  8.45516722e+00],
       [ 1.69708415e-03,  1.00399278e+00, -1.89956435e-01],
       [ 2.09966342e-05,  4.26422012e-06,  1.00000000e+00]]),
np.array([[ 1.00798393e+00, -1.91125390e-03,  8.33129820e+00],
       [ 1.84446945e-03,  1.00134399e+00, -8.16220586e-02],
       [ 2.14903545e-05, -2.47719652e-06,  1.00000000e+00]]),
np.array([[ 1.00789265e+00, -3.54800780e-04,  8.33486778e+00],
       [ 9.84263553e-04,  1.00455288e+00, -1.12026277e-01],
       [ 2.01735492e-05,  9.24032545e-06,  1.00000000e+00]]),
np.array([[ 1.00984544e+00, -6.77323074e-04,  8.23295430e+00],
       [ 2.05515457e-03,  1.00439568e+00, -2.80863365e-01],
       [ 2.84523656e-05,  6.42525552e-06,  1.00000000e+00]]),
np.array([[ 1.00854172e+00, -1.36099752e-03,  8.51830435e+00],
       [ 2.31290550e-03,  1.00371683e+00, -2.60250509e-01],
       [ 2.75924717e-05,  4.76685871e-06,  1.00000000e+00]]),
np.array([[ 1.00759960e+00, -2.55825112e-03,  8.57804664e+00],
       [ 2.10383535e-03,  1.00243802e+00, -7.82290590e-02],
       [ 2.61917381e-05, -4.46577312e-06,  1.00000000e+00]]),
np.array([[ 1.00550309e+00, -2.67953554e-03,  8.70478932e+00],
       [ 2.12598711e-03,  1.00054747e+00, -4.74157142e-02],
       [ 2.32293337e-05, -9.83201424e-06,  1.00000000e+00]]),
np.array([[ 1.00553765e+00, -2.18006539e-03,  8.67777046e+00],
       [ 1.95871568e-03,  1.00262301e+00, -2.85954147e-01],
       [ 2.30863954e-05, -8.61258055e-07,  1.00000000e+00]]),
np.array([[ 9.97582838e-01, -6.21860884e-04,  9.07414313e+00],
       [-5.14206479e-04,  1.00047159e+00,  1.33393747e-01],
       [-9.42544931e-06,  8.76457951e-06,  1.00000000e+00]]),
np.array([[ 9.99102516e-01, -2.31169558e-03,  9.12717967e+00],
       [ 7.96059049e-04,  9.97822697e-01,  6.44094453e-02],
       [-2.82538808e-07, -1.11043634e-05,  1.00000000e+00]]),
np.array([[ 1.00372033e+00, -2.17203354e-03,  9.13320308e+00],
       [ 1.17250122e-03,  1.00254409e+00, -1.01997161e-01],
       [ 1.79189291e-05,  3.25135728e-06,  1.00000000e+00]]),
np.array([[ 1.00199787e+00, -2.05249919e-03,  9.10531327e+00],
       [ 1.05769187e-03,  1.00181340e+00, -3.00801927e-02],
       [ 1.08751881e-05,  3.92208671e-06,  1.00000000e+00]]),
np.array([[ 1.00246666e+00, -1.73160780e-03,  8.96935919e+00],
       [ 8.18686518e-04,  1.00263300e+00, -2.19589159e-02],
       [ 1.23045350e-05,  7.51364394e-06,  1.00000000e+00]]),
np.array([[ 1.00093636e+00, -2.41052512e-03,  9.07119253e+00],
       [ 9.07041504e-04,  1.00119806e+00, -1.76910886e-02],
       [ 6.85582732e-06,  3.34097622e-06,  1.00000000e+00]]),
np.array([[ 1.00119952e+00, -1.74058157e-03,  9.04620840e+00],
       [ 5.42568723e-04,  1.00204278e+00,  1.41211566e-02],
       [ 8.44320424e-06,  5.94556368e-06,  1.00000000e+00]]),
np.array([[ 9.99410476e-01, -2.05594320e-03,  9.18048744e+00],
       [ 2.76504151e-04,  1.00110576e+00,  2.81491698e-02],
       [ 1.99457335e-06,  3.64345385e-06,  1.00000000e+00]]),
np.array([[ 9.99916322e-01, -2.62595515e-03,  9.05547493e+00],
       [ 4.38171592e-04,  9.99517261e-01,  1.32785390e-01],
       [ 7.15229942e-06, -6.28166186e-06,  1.00000000e+00]]),
np.array([[ 1.00177269e+00, -1.85865533e-03,  8.99865859e+00],
       [ 1.06193741e-03,  1.00294981e+00, -1.21089415e-01],
       [ 1.47902592e-05,  9.19940108e-06,  1.00000000e+00]]),
np.array([[ 9.99528820e-01, -2.15120143e-03,  8.94151933e+00],
       [ 1.47653268e-04,  1.00082662e+00,  6.19974222e-02],
       [ 3.63477081e-06, -3.93196770e-07,  1.00000000e+00]]),
np.array([[ 1.00300165e+00, -6.78700715e-04,  8.77935238e+00],
       [ 1.69909211e-03,  1.00386738e+00, -2.49739642e-01],
       [ 1.78969448e-05,  1.08869038e-05,  1.00000000e+00]]),
np.array([[ 1.00040623e+00, -1.74467153e-03,  9.16803214e+00],
       [ 1.13013117e-03,  1.00144977e+00,  2.25793558e-02],
       [ 7.68302291e-06,  3.24006409e-06,  1.00000000e+00]]),
np.array([[ 9.97605221e-01, -2.74166305e-03,  9.23482747e+00],
       [ 5.42413048e-05,  9.99075347e-01, -3.87889851e-02],
       [-3.71671478e-06, -6.28866913e-06,  1.00000000e+00]]),
np.array([[ 9.97225426e-01, -2.45201973e-03,  9.06837805e+00],
       [-6.34387092e-04,  9.99122655e-01,  6.30234136e-02],
       [-7.51837370e-06, -6.20573773e-06,  1.00000000e+00]]),
np.array([[ 9.97953930e-01, -2.65264492e-03,  9.03702470e+00],
       [-9.19339863e-05,  9.99796239e-01,  5.19138873e-02],
       [-3.38885554e-06, -1.43089263e-06,  1.00000000e+00]]),
np.array([[ 9.96547355e-01, -2.10344348e-03,  9.03720210e+00],
       [-1.11339331e-03,  9.98000238e-01,  2.22468237e-01],
       [-1.24436434e-05, -3.57518433e-06,  1.00000000e+00]]),
np.array([[ 1.00013675e+00, -1.84813463e-03,  9.01142007e+00],
       [ 5.91343288e-04,  1.00200495e+00,  3.48508631e-02],
       [ 7.20419899e-06,  6.80680919e-06,  1.00000000e+00]]),
np.array([[ 9.97695795e-01, -2.13500541e-03,  8.97171262e+00],
       [-2.60499711e-04,  9.99454767e-01, -7.79396164e-03],
       [-9.37283788e-06, -1.38591368e-06,  1.00000000e+00]]),
np.array([[ 9.97951286e-01, -1.29641349e-03,  8.96123160e+00],
       [-5.43918039e-04,  1.00060202e+00,  9.67074042e-02],
       [-9.65108690e-06,  9.60950271e-06,  1.00000000e+00]]),
np.array([[ 9.97278070e-01, -2.33247915e-03,  8.90754394e+00],
       [-7.54164273e-04,  9.99023630e-01,  1.67842350e-01],
       [-1.12423036e-05,  6.98448310e-07,  1.00000000e+00]]),
np.array([[ 9.97326737e-01, -9.86019182e-04,  8.81419925e+00],
       [-1.04325044e-03,  1.00017694e+00,  7.85664463e-02],
       [-1.44564080e-05,  7.43553077e-06,  1.00000000e+00]]),
np.array([[ 1.00011154e+00, -3.22267792e-03,  8.97409321e+00],
       [ 3.80951369e-04,  9.99045615e-01,  7.89365468e-02],
       [ 4.45324489e-07, -4.15732133e-06,  1.00000000e+00]]),
np.array([[ 9.99939952e-01, -1.89537761e-03,  9.02169200e+00],
       [-4.85647166e-04,  1.00097236e+00,  1.30104488e-01],
       [-3.66525991e-06,  6.00873611e-06,  1.00000000e+00]]),
np.array([[ 9.99468657e-01, -1.51078272e-03,  8.83881792e+00],
       [-2.24254670e-04,  9.99809339e-01,  8.55235625e-02],
       [-8.07916892e-06,  6.27010914e-06,  1.00000000e+00]]),
np.array([[ 9.99576647e-01, -2.16744055e-03,  8.81308666e+00],
       [ 1.37807128e-04,  1.00041053e+00, -3.52885693e-02],
       [ 2.13229330e-07, -2.50267924e-06,  1.00000000e+00]]),
np.array([[ 1.00065641e+00, -3.26486078e-03,  8.81759837e+00],
       [ 7.38893065e-05,  9.99303675e-01,  1.86770646e-01],
       [ 4.46312637e-06, -7.01747806e-06,  1.00000000e+00]]),
np.array([[ 1.00077994e+00, -1.37994713e-03,  8.73810003e+00],
       [ 6.29959121e-04,  1.00027269e+00, -6.04871780e-03],
       [ 5.42492060e-07,  3.44921260e-06,  1.00000000e+00]]),
np.array([[ 1.00124516e+00, -2.54945674e-03,  8.80759852e+00],
       [ 6.21504458e-04,  1.00103854e+00, -7.37014588e-02],
       [ 7.01578691e-06, -4.99628629e-06,  1.00000000e+00]]),
np.array([[ 1.00014995e+00, -2.09229660e-03,  8.75262973e+00],
       [ 4.00163497e-04,  9.99763957e-01,  9.77501116e-03],
       [-1.01669942e-07, -2.22683858e-06,  1.00000000e+00]]),
np.array([[ 9.99304317e-01, -2.37886755e-03,  8.86366138e+00],
       [-5.88222052e-04,  1.00058303e+00,  2.82016756e-03],
       [-1.84250463e-06,  1.72183368e-06,  1.00000000e+00]]),
np.array([[ 9.99051314e-01, -2.39828003e-03,  8.71916121e+00],
       [ 5.14987535e-04,  9.98811325e-01,  3.03395026e-02],
       [-2.62226872e-06, -5.76526015e-06,  1.00000000e+00]]),
np.array([[ 1.00070454e+00, -1.71656725e-03,  8.70315392e+00],
       [ 3.08013988e-04,  1.00135528e+00, -3.25275939e-02],
       [ 4.77927059e-07,  6.31789444e-06,  1.00000000e+00]]),
np.array([[ 1.00122198e+00, -2.64591569e-03,  8.97239287e+00],
       [ 7.56708558e-04,  9.99872441e-01,  3.43181650e-02],
       [ 7.80171710e-06, -6.14179286e-06,  1.00000000e+00]]),
np.array([[ 9.98186018e-01, -2.22295038e-03,  9.00859716e+00],
       [ 4.87164416e-04,  9.99826413e-01, -2.45103727e-02],
       [-2.56238373e-06, -6.00471132e-06,  1.00000000e+00]]),
np.array([[ 1.00182546e+00, -1.77190349e-03,  8.73649318e+00],
       [ 8.23540756e-04,  1.00130216e+00, -4.93922046e-03],
       [ 1.06569019e-05,  5.84706637e-07,  1.00000000e+00]]),
np.array([[ 1.00036224e+00, -1.90248826e-03,  8.78921279e+00],
       [ 9.19476150e-04,  1.00141700e+00, -6.81785224e-02],
       [ 5.56856645e-06,  2.64697593e-06,  1.00000000e+00]]),
np.array([[ 1.00038740e+00, -2.33223036e-03,  8.81908083e+00],
       [ 6.57781572e-04,  9.99841737e-01,  9.96112613e-02],
       [ 7.61919125e-06, -6.61861694e-06,  1.00000000e+00]]),
np.array([[ 1.00021393e+00, -2.27310291e-03,  8.84016417e+00],
       [ 9.42701512e-04,  1.00021826e+00, -3.17725196e-02],
       [ 5.90323337e-06, -4.20430034e-06,  1.00000000e+00]]),
np.array([[ 1.00126707e+00, -1.64784582e-03,  8.79132496e+00],
       [ 8.20887532e-04,  1.00202875e+00,  4.73821559e-03],
       [ 1.40762256e-05,  4.21196264e-06,  1.00000000e+00]]),
np.array([[ 9.99840899e-01, -1.48795891e-03,  8.74622432e+00],
       [ 5.86274514e-04,  1.00091343e+00, -4.42099413e-03],
       [ 4.51508246e-06,  1.04877501e-06,  1.00000000e+00]]),
np.array([[ 9.99280062e-01, -1.92932071e-03,  8.71953354e+00],
       [ 5.46637146e-04,  1.00050819e+00, -4.03581075e-02],
       [ 5.51467964e-06, -2.90040352e-06,  1.00000000e+00]]),
np.array([[ 9.97768977e-01, -1.79544869e-03,  8.71148951e+00],
       [-8.36541782e-04,  9.99882237e-01,  1.05107164e-01],
       [-8.02851026e-06,  1.09458099e-06,  1.00000000e+00]]),
np.array([[ 9.97142671e-01, -2.44264724e-03,  9.00427254e+00],
       [-5.48556874e-04,  9.98198385e-01,  7.10877782e-02],
       [-4.70403720e-06, -9.60955413e-06,  1.00000000e+00]]),
np.array([[ 9.99305534e-01, -1.03789280e-03,  8.91733268e+00],
       [ 2.43443037e-04,  1.00162409e+00, -8.63110324e-02],
       [ 1.42065132e-06,  7.95705988e-06,  1.00000000e+00]]),
np.array([[ 9.98707098e-01, -1.34377119e-03,  8.77389268e+00],
       [ 4.02696985e-04,  9.99922988e-01,  8.59409787e-02],
       [ 1.98945690e-06, -1.61014403e-06,  1.00000000e+00]]),
np.array([[ 9.98049444e-01, -2.20091866e-03,  8.77032606e+00],
       [ 1.50198490e-04,  9.98863247e-01,  2.89921776e-02],
       [-1.76945928e-06, -4.80714640e-06,  1.00000000e+00]]),
np.array([[ 9.98766340e-01, -1.70373893e-03,  8.71029506e+00],
       [ 3.34527779e-04,  9.99992401e-01,  5.21411224e-02],
       [ 4.78895719e-07, -1.77738635e-06,  1.00000000e+00]]),
np.array([[ 9.98581398e-01, -1.87603812e-03,  8.77139906e+00],
       [-7.59283883e-05,  9.99587762e-01,  7.74606430e-02],
       [-1.12150893e-06, -4.27783424e-06,  1.00000000e+00]]),
np.array([[ 9.97800986e-01, -1.53181274e-03,  8.77165679e+00],
       [ 4.56387097e-04,  9.99837120e-01,  7.62326182e-02],
       [-4.06613144e-06,  1.81850146e-06,  1.00000000e+00]]),
np.array([[ 9.98661474e-01, -2.34484356e-03,  8.73151654e+00],
       [ 7.18472811e-04,  9.98574363e-01,  1.46408792e-01],
       [ 5.60174611e-06, -1.03204072e-05,  1.00000000e+00]]),
np.array([[ 9.97597664e-01, -2.10338301e-03,  8.70222161e+00],
       [ 3.67173840e-04,  9.98781978e-01,  7.65527970e-02],
       [-5.30868384e-06, -5.57167505e-06,  1.00000000e+00]]),
np.array([[ 9.98417389e-01, -8.56836194e-04,  8.45575709e+00],
       [ 3.87232666e-05,  1.00009609e+00,  9.33889848e-02],
       [-4.20643890e-06, -3.70522388e-07,  1.00000000e+00]]),
np.array([[ 9.98528681e-01, -1.81797017e-03,  8.61327639e+00],
       [ 3.41372774e-04,  9.99694005e-01, -1.73372191e-02],
       [-4.94727971e-07, -4.85807934e-06,  1.00000000e+00]]),
np.array([[ 9.98537895e-01, -1.61843267e-03,  8.80251446e+00],
       [ 1.98410961e-04,  9.98006196e-01,  1.34313325e-01],
       [ 2.89446811e-07, -9.46207761e-06,  1.00000000e+00]]),
np.array([[ 9.99782625e-01, -1.26749279e-03,  8.09270587e+00],
       [ 4.85526184e-04,  1.00024515e+00, -5.48952286e-02],
       [ 9.64573728e-07, -3.96453591e-07,  1.00000000e+00]]),
np.array([[ 9.98062313e-01, -1.23506677e-03,  7.06479866e+00],
       [ 7.46887129e-05,  9.98579241e-01,  6.77619732e-02],
       [-3.42231664e-06, -7.04280436e-06,  1.00000000e+00]]),
np.array([[ 9.99046000e-01, -1.09916443e-03,  6.00150330e+00],
       [-9.33163844e-05,  9.99521516e-01,  6.92543464e-03],
       [-9.40620157e-07, -6.01468887e-06,  1.00000000e+00]]),
np.array([[ 1.00250720e+00,  5.01651008e-04,  4.71847661e+00],
       [ 6.99829790e-04,  1.00204412e+00, -1.00224517e-01],
       [ 6.96086005e-06,  4.66770366e-06,  1.00000000e+00]]),
np.array([[ 1.00039216e+00, -7.10252213e-05,  3.97520241e+00],
       [ 3.52096706e-04,  1.00038230e+00, -4.87235959e-03],
       [ 2.01139698e-06,  1.92961052e-06,  1.00000000e+00]]),
np.array([[ 1.00068715e+00, -2.10038014e-04,  2.92770853e+00],
       [-1.76618501e-04,  1.00029026e+00,  3.22543494e-02],
       [ 4.47130208e-07,  8.10182867e-07,  1.00000000e+00]]),
np.array([[ 1.00125618e+00,  2.13947229e-04,  1.95522529e+00],
       [ 3.13181763e-04,  1.00109531e+00, -7.85664951e-02],
       [ 1.77088979e-06,  5.49098004e-06,  1.00000000e+00]]),
np.array([[ 9.99816805e-01, -7.51058253e-05,  1.12086028e+00],
       [ 5.48024474e-05,  9.99197374e-01,  6.05337149e-02],
       [-1.97737726e-07, -4.04408451e-06,  1.00000000e+00]])]