[np.array([[ 9.98889314e-01,  1.12502880e-04, -2.93701954e+00],
       [-4.83844087e-04,  9.99345728e-01,  3.29836001e-02],
       [-4.14182584e-06, -2.12233103e-06,  1.00000000e+00]]),
np.array([[ 1.00008794e+00,  8.22606817e-05, -3.48299606e+00],
       [-2.07160076e-04,  1.00009689e+00,  3.02047822e-02],
       [ 5.72699868e-07,  1.41558127e-06,  1.00000000e+00]]),
np.array([[ 1.00010995e+00,  1.96650224e-04, -4.01554326e+00],
       [-1.39048337e-04,  1.00039498e+00, -5.79791163e-02],
       [-4.08552389e-07,  2.98830102e-06,  1.00000000e+00]]),
np.array([[ 9.98953998e-01,  6.03180129e-04, -4.16975210e+00],
       [-6.03857353e-04,  9.99577437e-01,  8.19751010e-02],
       [-3.38879411e-06,  8.35615788e-07,  1.00000000e+00]]),
np.array([[ 9.99314305e-01, -1.21822668e-04, -4.04219982e+00],
       [-2.73519379e-04,  9.99290383e-01,  2.02060041e-02],
       [-2.31163983e-06, -1.34366752e-06,  1.00000000e+00]]),
np.array([[ 9.99968266e-01,  5.00782802e-04, -4.08085439e+00],
       [ 1.98260843e-05,  1.00039864e+00, -8.27218255e-02],
       [-2.28568658e-07,  2.13491409e-06,  1.00000000e+00]]),
np.array([[ 9.98808593e-01, -3.65421641e-05, -3.99350204e+00],
       [-4.61019878e-04,  9.99150418e-01,  5.36751324e-02],
       [-3.30299478e-06, -2.68175291e-06,  1.00000000e+00]]),
np.array([[ 9.98062885e-01, -7.05000761e-04, -3.88058295e+00],
       [-4.94776566e-04,  9.98462918e-01,  1.75174071e-02],
       [-3.99411642e-06, -5.99480150e-06,  1.00000000e+00]]),
np.array([[ 9.99492094e-01,  8.96801878e-04, -4.14093200e+00],
       [-3.19665843e-04,  1.00032839e+00,  4.19970902e-02],
       [-2.20795252e-06,  2.87161891e-06,  1.00000000e+00]]),
np.array([[ 9.99909260e-01,  1.44161043e-04, -4.08878799e+00],
       [-1.52255808e-04,  1.00009700e+00, -6.45512364e-02],
       [-1.11332307e-06,  1.07457283e-06,  1.00000000e+00]]),
np.array([[ 9.99313323e-01,  6.23701927e-04, -4.04086073e+00],
       [-3.06565029e-04,  9.99735582e-01,  1.97443784e-02],
       [-1.62736796e-06,  1.25903571e-06,  1.00000000e+00]]),
np.array([[ 9.99890628e-01,  3.39076370e-04, -4.11056969e+00],
       [ 3.46237350e-05,  9.99980847e-01,  1.02260739e-02],
       [ 1.03048981e-06, -1.20334091e-06,  1.00000000e+00]]),
np.array([[ 9.98024579e-01,  4.98252570e-04, -4.10762415e+00],
       [-6.60946166e-04,  9.99153413e-01, -2.43667991e-02],
       [-8.85439438e-06,  3.21074021e-06,  1.00000000e+00]]),
np.array([[ 9.98842263e-01,  5.73471272e-04, -4.03732546e+00],
       [-3.99165806e-04,  9.99369454e-01,  7.01532279e-02],
       [-3.82815485e-06,  1.40501725e-06,  1.00000000e+00]]),
np.array([[ 9.99089704e-01,  8.23864327e-05, -4.00039164e+00],
       [-1.91737585e-04,  9.99448903e-01, -1.08176543e-02],
       [-1.53509498e-06, -1.79676085e-06,  1.00000000e+00]]),
np.array([[ 9.98531963e-01,  5.98676485e-04, -4.00655058e+00],
       [-6.26841829e-04,  9.99299537e-01,  7.71599603e-02],
       [-4.92202941e-06, -4.75443217e-07,  1.00000000e+00]]),
np.array([[ 9.99870883e-01, -4.65705100e-05, -4.04844132e+00],
       [-2.31081200e-05,  9.99906028e-01, -3.62998926e-02],
       [-3.10709499e-07,  2.60591619e-07,  1.00000000e+00]]),
np.array([[ 9.98723218e-01,  1.17123369e-04, -4.02113519e+00],
       [-3.40334241e-04,  9.99207380e-01,  2.51454268e-02],
       [-4.03679967e-06, -1.40837599e-06,  1.00000000e+00]]),
np.array([[ 9.98928807e-01,  7.29500884e-04, -4.05074261e+00],
       [-3.79924485e-04,  9.99915542e-01,  7.23369541e-03],
       [-4.06815316e-06,  2.25972749e-06,  1.00000000e+00]]),
np.array([[ 9.97569322e-01, -1.34759596e-04, -3.89184939e+00],
       [-4.10054153e-04,  9.98552419e-01,  1.50491685e-02],
       [-7.38067938e-06, -3.28450940e-06,  1.00000000e+00]]),
np.array([[ 9.98774614e-01,  4.78369592e-04, -4.05862234e+00],
       [-3.83550922e-04,  9.99766237e-01, -2.72023472e-02],
       [-4.38896290e-06,  2.04450653e-06,  1.00000000e+00]]),
np.array([[ 9.97989915e-01,  3.02019326e-04, -4.06420097e+00],
       [-4.85813919e-04,  9.98783038e-01,  3.25890938e-02],
       [-6.33711129e-06, -1.97897480e-06,  1.00000000e+00]]),
np.array([[ 9.99028768e-01,  6.84656100e-04, -4.09164361e+00],
       [-6.65932258e-04,  9.99859047e-01,  4.45385345e-02],
       [-4.60051383e-06,  3.12765097e-06,  1.00000000e+00]]),
np.array([[ 9.98970357e-01,  5.65429246e-04, -4.07191533e+00],
       [-2.51783386e-04,  9.99533820e-01, -3.13311632e-02],
       [-3.84742599e-06,  8.52217434e-07,  1.00000000e+00]]),
np.array([[ 9.98974464e-01,  9.15945183e-04, -4.07718233e+00],
       [-4.98788007e-04,  9.99880427e-01,  1.99969925e-03],
       [-4.16429188e-06,  1.91386369e-06,  1.00000000e+00]]),
np.array([[ 9.98291378e-01,  4.24491931e-04, -4.05857231e+00],
       [-9.54752543e-04,  9.99153389e-01,  1.32288280e-01],
       [-6.79171418e-06,  4.69766377e-07,  1.00000000e+00]]),
np.array([[ 9.99709111e-01,  5.77094441e-04, -4.10514873e+00],
       [-9.08938215e-05,  1.00013541e+00, -1.05770084e-01],
       [-1.17128797e-06,  1.30400444e-06,  1.00000000e+00]]),
np.array([[ 9.99179678e-01,  4.36509653e-04, -4.06303362e+00],
       [-5.03606313e-04,  9.99379185e-01,  1.13391419e-01],
       [-2.50542833e-06, -6.13144251e-07,  1.00000000e+00]]),
np.array([[ 9.99474407e-01,  4.36748781e-04, -4.05655823e+00],
       [-6.89525922e-05,  1.00022776e+00, -1.14031401e-01],
       [-3.16997921e-06,  2.87668831e-06,  1.00000000e+00]]),
np.array([[ 9.98506755e-01,  3.66224955e-04, -4.07242866e+00],
       [-4.32580330e-04,  9.98934435e-01,  1.21449742e-01],
       [-4.41422343e-06, -1.65182385e-06,  1.00000000e+00]]),
np.array([[ 9.98972244e-01,  3.95971666e-04, -4.12652816e+00],
       [-2.94656493e-04,  9.99432882e-01, -4.18990558e-02],
       [-4.15900076e-06,  2.05402060e-07,  1.00000000e+00]]),
np.array([[ 9.98800365e-01,  1.22498312e-04, -4.02894920e+00],
       [-2.05020606e-04,  9.99158337e-01,  4.32845966e-02],
       [-3.48188266e-06, -1.22405721e-06,  1.00000000e+00]]),
np.array([[ 9.98565201e-01,  2.12520067e-04, -4.00828832e+00],
       [-6.71247022e-04,  9.98754856e-01,  6.32190371e-02],
       [-4.84245888e-06, -1.69117508e-06,  1.00000000e+00]]),
np.array([[ 9.99490626e-01,  1.10544467e-03, -4.17947173e+00],
       [-3.05871207e-04,  9.99877011e-01,  9.30559481e-03],
       [-4.47947804e-06,  2.91505193e-06,  1.00000000e+00]]),
np.array([[ 9.97884106e-01, -4.06128799e-05, -3.98107921e+00],
       [-7.41357185e-04,  9.98362037e-01,  6.46020035e-02],
       [-7.34893433e-06, -3.23533382e-06,  1.00000000e+00]]),
np.array([[ 9.98900355e-01,  7.27234555e-04, -4.07379143e+00],
       [-4.92752097e-04,  9.99606165e-01,  6.03700914e-02],
       [-5.01579406e-06,  2.87322480e-06,  1.00000000e+00]]),
np.array([[ 9.99193230e-01,  3.27537546e-04, -4.05789055e+00],
       [-4.18426301e-04,  9.99560745e-01, -9.52162709e-03],
       [-3.63151557e-06, -1.49968225e-07,  1.00000000e+00]]),
np.array([[ 9.98405010e-01,  2.08451214e-04, -3.96810512e+00],
       [-5.04261292e-04,  9.99303297e-01,  4.95864078e-02],
       [-5.66214178e-06,  5.96808251e-07,  1.00000000e+00]]),
np.array([[ 1.00079190e+00,  1.03255539e-03, -4.27044112e+00],
       [ 1.04543021e-04,  1.00128031e+00, -1.55625437e-01],
       [-4.17709638e-07,  6.87755900e-06,  1.00000000e+00]]),
np.array([[ 9.99036216e-01,  5.12720059e-04, -4.11603892e+00],
       [-2.96301666e-04,  9.99095450e-01,  4.07547967e-02],
       [-3.77246329e-06, -8.93578566e-07,  1.00000000e+00]]),
np.array([[ 9.99930539e-01,  7.49366152e-04, -4.13307185e+00],
       [-6.57783415e-04,  1.00038463e+00,  4.55537223e-02],
       [-2.76204297e-06,  4.51948596e-06,  1.00000000e+00]]),
np.array([[ 9.99634604e-01,  3.94033064e-04, -4.08980479e+00],
       [ 1.80288291e-05,  9.99486714e-01, -3.88348197e-02],
       [-1.82491946e-06, -4.10436275e-08,  1.00000000e+00]]),
np.array([[ 9.99332456e-01,  7.91970816e-04, -4.11723693e+00],
       [-7.96899673e-04,  1.00014706e+00,  7.77471724e-02],
       [-3.45304020e-06,  2.91778825e-06,  1.00000000e+00]]),
np.array([[ 1.00027365e+00,  7.60182269e-04, -4.15420668e+00],
       [-3.82753399e-05,  1.00071765e+00, -1.10941399e-01],
       [-1.57491049e-06,  5.10730478e-06,  1.00000000e+00]]),
np.array([[ 1.00001257e+00,  5.70687519e-04, -4.16283228e+00],
       [-3.52864754e-04,  9.99744848e-01,  6.68880211e-02],
       [-1.12390774e-06,  8.85557058e-08,  1.00000000e+00]]),
np.array([[ 1.00014001e+00,  2.53412171e-04, -4.04063141e+00],
       [ 5.86322882e-05,  1.00010309e+00, -1.20116335e-01],
       [ 6.31888642e-07,  1.59454966e-06,  1.00000000e+00]]),
np.array([[ 9.98881113e-01,  5.42606405e-04, -4.06861999e+00],
       [-8.96854343e-04,  9.99666408e-01,  8.93016651e-02],
       [-7.19843675e-06,  3.07701579e-06,  1.00000000e+00]]),
np.array([[ 9.99946430e-01,  6.27500468e-04, -4.19256703e+00],
       [ 6.61169351e-06,  9.99895525e-01, -5.32250706e-02],
       [-9.52320550e-07,  9.59109620e-07,  1.00000000e+00]]),
np.array([[ 9.99665865e-01,  2.05228456e-04, -4.13875885e+00],
       [-5.26091748e-04,  9.99802994e-01,  4.85019224e-02],
       [-3.30670093e-06,  1.95161252e-06,  1.00000000e+00]]),
np.array([[ 9.99170113e-01,  3.87232252e-04, -4.06716797e+00],
       [-1.96798544e-05,  9.99407515e-01, -4.06847880e-02],
       [-3.91843651e-06, -7.79064621e-07,  1.00000000e+00]]),
np.array([[ 9.98618233e-01,  2.83523402e-04, -4.01768953e+00],
       [-9.82855777e-04,  9.99323594e-01,  1.10080681e-01],
       [-5.91712841e-06,  1.07829965e-06,  1.00000000e+00]]),
np.array([[ 1.00077013e+00,  2.55003275e-04, -4.14989083e+00],
       [ 3.54308654e-04,  1.00015607e+00, -7.40395854e-02],
       [ 2.47980799e-06, -1.48672377e-07,  1.00000000e+00]]),
np.array([[ 1.00011795e+00,  5.66038101e-04, -4.16552752e+00],
       [-7.09773334e-05,  1.00020262e+00, -3.44990708e-02],
       [-3.57969319e-07,  1.30987501e-06,  1.00000000e+00]]),
np.array([[ 9.99680122e-01, -6.05693902e-05, -4.04889130e+00],
       [ 2.63433033e-04,  9.99569044e-01, -5.60343482e-02],
       [ 1.27293064e-06, -3.94159965e-06,  1.00000000e+00]]),
np.array([[ 1.00089379e+00,  7.37218654e-04, -4.17031539e+00],
       [ 2.14603284e-04,  1.00055097e+00, -5.24834073e-02],
       [ 3.32709008e-06,  1.40311636e-06,  1.00000000e+00]]),
np.array([[ 1.00052644e+00, -2.75774046e-04, -4.07433233e+00],
       [ 6.13641632e-04,  9.99461860e-01, -2.98798646e-02],
       [ 7.97309465e-06, -6.13290200e-06,  1.00000000e+00]]),
np.array([[ 1.00023260e+00,  8.33733494e-04, -4.26238997e+00],
       [ 6.15073706e-05,  1.00071218e+00, -1.10943534e-01],
       [ 1.07125262e-06,  2.09400112e-06,  1.00000000e+00]]),
np.array([[ 9.99632272e-01,  1.62333142e-04, -4.08165640e+00],
       [ 9.12671518e-05,  9.99182055e-01,  5.64901079e-02],
       [ 2.41101137e-06, -4.73214351e-06,  1.00000000e+00]]),
np.array([[ 9.99835899e-01, -8.71522788e-05, -4.06014790e+00],
       [ 1.46576476e-04,  9.99797465e-01, -3.78072339e-02],
       [ 1.61355171e-06, -1.40198198e-06,  1.00000000e+00]]),
np.array([[ 1.00014565e+00,  3.26792875e-04, -4.12175474e+00],
       [-1.35360004e-04,  9.99730947e-01,  6.57050850e-03],
       [ 2.48781794e-06, -2.76508762e-06,  1.00000000e+00]]),
np.array([[ 9.99929926e-01,  4.04679336e-05, -4.08570792e+00],
       [ 2.65579191e-04,  9.99726045e-01, -6.73491303e-02],
       [ 4.21566432e-06, -3.81432652e-06,  1.00000000e+00]]),
np.array([[ 1.00006290e+00,  3.74545439e-04, -4.10263685e+00],
       [ 2.86266247e-04,  9.99156565e-01,  1.59931797e-02],
       [ 5.97777399e-06, -6.64733258e-06,  1.00000000e+00]]),
np.array([[ 9.99862229e-01,  1.67957718e-04, -4.05392444e+00],
       [ 1.76536331e-04,  1.00009971e+00, -7.98422184e-02],
       [ 3.61260430e-06, -1.16883614e-06,  1.00000000e+00]]),
np.array([[ 1.00028842e+00,  9.05212801e-04, -4.11278792e+00],
       [ 5.93857980e-05,  1.00032803e+00,  1.40528765e-03],
       [ 3.53195710e-06,  4.56018397e-07,  1.00000000e+00]]),
np.array([[ 9.99804568e-01,  1.15444147e-04, -4.06256872e+00],
       [ 5.02458896e-04,  1.00005987e+00, -2.24160103e-01],
       [ 3.89177109e-06, -2.31239683e-06,  1.00000000e+00]]),
np.array([[ 9.99681173e-01,  4.42421486e-05, -4.13640585e+00],
       [-1.25820415e-04,  9.99317042e-01,  1.66635776e-01],
       [ 4.58047755e-06, -5.21666072e-06,  1.00000000e+00]]),
np.array([[ 9.99711293e-01,  2.16095280e-04, -4.05636961e+00],
       [ 5.98440556e-04,  9.99810171e-01, -1.56605926e-01],
       [ 4.17513641e-06, -3.50507625e-06,  1.00000000e+00]]),
np.array([[ 9.98774063e-01,  6.46036266e-05, -3.99225574e+00],
       [-8.37167674e-05,  9.98961441e-01,  1.12214988e-01],
       [ 2.25723256e-06, -6.05076676e-06,  1.00000000e+00]]),
np.array([[ 9.99581251e-01, -4.09490668e-04, -4.03999314e+00],
       [ 4.87206128e-04,  9.99858088e-01, -1.15638391e-01],
       [ 4.05010611e-06, -5.37098903e-06,  1.00000000e+00]]),
np.array([[ 9.99819872e-01,  6.20952578e-04, -4.09194855e+00],
       [-7.86497265e-05,  1.00047333e+00,  2.48255915e-02],
       [ 4.38370195e-06,  2.22983548e-07,  1.00000000e+00]]),
np.array([[ 9.98555987e-01, -2.61680080e-04, -3.97490404e+00],
       [ 2.31468328e-04,  9.99246664e-01, -9.23487144e-02],
       [ 1.20569475e-06, -6.69542799e-06,  1.00000000e+00]]),
np.array([[ 9.99452156e-01,  9.07367176e-04, -4.10132547e+00],
       [-6.58264326e-05,  9.99877893e-01,  1.92296160e-02],
       [ 2.49331571e-06, -1.09196538e-06,  1.00000000e+00]]),
np.array([[ 9.98541703e-01,  3.28005509e-04, -3.94444667e+00],
       [-5.53167854e-05,  9.99671278e-01, -1.17804286e-01],
       [ 5.92870684e-07, -2.44784319e-06,  1.00000000e+00]]),
np.array([[ 9.99639482e-01,  8.70219251e-04, -4.16687653e+00],
       [ 3.92319190e-05,  9.99917113e-01,  4.28664159e-02],
       [ 4.22078076e-06, -2.99095050e-06,  1.00000000e+00]]),
np.array([[ 9.98124899e-01,  1.00061517e-03, -4.11624410e+00],
       [ 2.50871764e-05,  9.99937021e-01, -1.86925924e-01],
       [-2.30285301e-06, -9.80941546e-07,  1.00000000e+00]]),
np.array([[ 9.97615892e-01, -7.87843566e-05, -3.94456065e+00],
       [-2.60533321e-04,  9.98582253e-01,  8.82060577e-02],
       [-2.71217115e-06, -5.69307225e-06,  1.00000000e+00]]),
np.array([[ 9.97086454e-01, -3.47220715e-04, -3.91751157e+00],
       [-2.25893241e-04,  9.98090816e-01,  4.71833000e-02],
       [-3.70064113e-06, -8.69545462e-06,  1.00000000e+00]]),
np.array([[ 9.98589138e-01,  5.56671373e-04, -4.10247288e+00],
       [ 8.21376030e-05,  9.99079008e-01,  1.10324068e-02],
       [-4.26323203e-07, -4.98663641e-06,  1.00000000e+00]]),
np.array([[ 9.97453733e-01, -1.89672789e-04, -3.96766657e+00],
       [-2.50699260e-04,  9.98666786e-01, -2.74347178e-02],
       [-5.23973181e-06, -4.43202071e-06,  1.00000000e+00]]),
np.array([[ 9.97687111e-01,  7.42377184e-04, -4.03773500e+00],
       [-2.28268307e-04,  9.98849226e-01,  8.41055252e-02],
       [-2.92841420e-06, -4.45900559e-06,  1.00000000e+00]]),
np.array([[ 9.97299294e-01,  7.45280406e-05, -3.94553213e+00],
       [-4.18551688e-04,  9.98501996e-01,  4.48006945e-02],
       [-5.57182711e-06, -4.05086517e-06,  1.00000000e+00]]),
np.array([[ 9.97406661e-01,  1.39264044e-03, -4.01385238e+00],
       [-5.10499597e-04,  9.98927092e-01,  1.03608573e-01],
       [-4.34261049e-06, -3.07035072e-06,  1.00000000e+00]]),
np.array([[ 9.95841565e-01,  1.51698067e-04, -3.99007134e+00],
       [-5.87912440e-04,  9.97582126e-01,  6.29465324e-03],
       [-1.15275443e-05, -6.30751988e-06,  1.00000000e+00]]),
np.array([[ 9.97446231e-01,  1.07665449e-03, -4.13521985e+00],
       [-1.04476267e-03,  9.98534394e-01,  1.43287895e-01],
       [-5.38630240e-06, -3.80368982e-06,  1.00000000e+00]]),
np.array([[ 9.96874335e-01,  6.48026947e-04, -3.99969018e+00],
       [-7.59069166e-04,  9.98428608e-01, -4.62672511e-02],
       [-7.80276503e-06, -3.35295524e-06,  1.00000000e+00]]),
np.array([[ 9.96653671e-01,  8.06697593e-04, -4.07155905e+00],
       [-1.25118254e-03,  9.97643561e-01,  2.00446106e-01],
       [-9.98127091e-06, -6.90508761e-06,  1.00000000e+00]]),
np.array([[ 9.95889642e-01,  1.67489137e-04, -3.96662063e+00],
       [-1.09310531e-03,  9.97527348e-01, -5.11039155e-03],
       [-1.24809957e-05, -7.60322694e-06,  1.00000000e+00]]),
np.array([[ 9.96068213e-01,  6.14776852e-04, -4.02881272e+00],
       [-1.25301559e-03,  9.97445803e-01,  2.01021401e-01],
       [-1.30395670e-05, -5.09140157e-06,  1.00000000e+00]]),
np.array([[ 9.97021945e-01,  7.06573717e-04, -4.09408382e+00],
       [-6.35419529e-04,  9.98098998e-01,  6.81103896e-03],
       [-9.68258826e-06, -4.77696475e-06,  1.00000000e+00]]),
np.array([[ 9.95299444e-01, -1.35807750e-04, -3.91947976e+00],
       [-1.40282207e-03,  9.95511110e-01,  4.29186114e-01],
       [-1.35909334e-05, -1.40900893e-05,  1.00000000e+00]]),
np.array([[ 9.96508664e-01,  3.91915953e-04, -4.01929539e+00],
       [-6.26417334e-04,  9.97736429e-01,  8.21164233e-03],
       [-1.25126826e-05, -5.28427782e-06,  1.00000000e+00]]),
np.array([[ 9.96803237e-01,  5.92934139e-04, -4.16018291e+00],
       [-7.84656148e-04,  9.97881829e-01,  1.26391528e-01],
       [-1.18431752e-05, -3.67353068e-06,  1.00000000e+00]]),
np.array([[ 9.96704138e-01,  1.14647869e-03, -4.10466178e+00],
       [-6.93123828e-04,  9.98246057e-01,  1.22421722e-02],
       [-1.24530059e-05, -1.84289248e-06,  1.00000000e+00]]),
np.array([[ 9.97434996e-01,  8.92817994e-04, -4.11910881e+00],
       [-7.47456926e-04,  9.98532528e-01,  7.30341483e-02],
       [-1.00681313e-05, -2.38336755e-06,  1.00000000e+00]]),
np.array([[ 9.96887455e-01,  6.86142217e-04, -4.09663107e+00],
       [-1.00439283e-03,  9.97840373e-01,  7.68423155e-02],
       [-1.34737957e-05, -2.70510365e-06,  1.00000000e+00]]),
np.array([[ 9.97780066e-01,  1.41534839e-03, -4.20834719e+00],
       [-9.06041445e-04,  9.98805757e-01,  1.31973266e-01],
       [-1.06684326e-05,  4.90399360e-07,  1.00000000e+00]]),
np.array([[ 9.97994188e-01,  1.35912317e-03, -4.21943792e+00],
       [-7.54567866e-04,  9.98748829e-01, -1.00215195e-02],
       [-1.05994053e-05,  8.92183011e-07,  1.00000000e+00]]),
np.array([[ 9.98303105e-01,  1.91854794e-03, -4.26028670e+00],
       [-7.44960130e-04,  9.99196276e-01,  9.01286171e-02],
       [-9.50519249e-06,  4.36728844e-06,  1.00000000e+00]]),
np.array([[ 9.98672297e-01,  1.16613003e-03, -4.20012567e+00],
       [-5.42702722e-04,  9.98833747e-01, -1.12731827e-02],
       [-6.99576414e-06, -1.50194837e-06,  1.00000000e+00]]),
np.array([[ 9.99332972e-01,  1.72509888e-03, -4.30824088e+00],
       [-9.00570412e-04,  9.99954037e-01,  9.84790953e-02],
       [-6.65768821e-06,  3.98745882e-06,  1.00000000e+00]]),
np.array([[ 9.98902301e-01,  1.88339408e-03, -4.36304740e+00],
       [-3.21756606e-04,  9.99898821e-01, -1.35994727e-01],
       [-7.88403919e-06,  4.84004368e-06,  1.00000000e+00]]),
np.array([[ 9.99652687e-01,  3.00223757e-03, -4.38954060e+00],
       [-6.96483421e-04,  1.00081257e+00,  6.78508661e-02],
       [-7.29600921e-06,  1.20586659e-05,  1.00000000e+00]]),
np.array([[ 9.99942986e-01,  1.82569846e-03, -4.31776130e+00],
       [-6.72335485e-05,  1.00023339e+00, -1.22065287e-01],
       [-4.62396413e-06,  4.56462288e-06,  1.00000000e+00]]),
np.array([[ 9.99502583e-01,  1.54751182e-03, -4.30691521e+00],
       [-5.83843365e-04,  9.99460245e-01,  9.96784283e-02],
       [-5.66182025e-06,  2.19573373e-06,  1.00000000e+00]]),
np.array([[ 9.99778914e-01,  1.34691540e-03, -4.29870315e+00],
       [-3.43494442e-04,  9.99779151e-01, -7.14360812e-02],
       [-5.71239990e-06,  3.31832418e-06,  1.00000000e+00]]),
np.array([[ 1.00102558e+00,  1.53704172e-03, -4.38103699e+00],
       [-9.38940848e-05,  1.00031248e+00,  4.81310781e-02],
       [ 1.26009062e-07,  2.44694622e-06,  1.00000000e+00]]),
np.array([[ 1.00013764e+00,  2.21981544e-03, -4.32563480e+00],
       [-9.76367682e-05,  1.00037929e+00, -4.83891819e-02],
       [-4.31375102e-06,  8.78859790e-06,  1.00000000e+00]]),
np.array([[ 1.00085621e+00,  8.59067387e-04, -4.27419848e+00],
       [ 5.50436002e-05,  9.99754226e-01, -7.89454837e-03],
       [ 8.35332053e-07, -2.24221315e-06,  1.00000000e+00]]),
np.array([[ 1.00046865e+00,  1.33000005e-03, -4.33188208e+00],
       [-2.04157520e-04,  1.00004311e+00, -4.83849436e-02],
       [-2.16097368e-06,  2.55312612e-06,  1.00000000e+00]]),
np.array([[ 1.00131301e+00,  1.62284047e-03, -4.45301166e+00],
       [-1.38461843e-04,  1.00064828e+00,  1.47863396e-05],
       [ 1.48503712e-06,  3.42161532e-06,  1.00000000e+00]]),
np.array([[ 1.00116164e+00,  1.45306832e-03, -4.34334661e+00],
       [ 6.69968877e-05,  1.00074538e+00, -9.82975041e-02],
       [ 8.55471723e-07,  4.01557642e-06,  1.00000000e+00]]),
np.array([[ 1.00086516e+00,  2.07595426e-03, -4.36422824e+00],
       [-3.99949364e-04,  1.00088618e+00, -4.44730439e-03],
       [-9.91565599e-07,  7.16387965e-06,  1.00000000e+00]]),
np.array([[ 1.00049178e+00,  1.40872239e-03, -4.30686986e+00],
       [-3.25188613e-04,  1.00035590e+00, -1.10353513e-01],
       [-2.13975356e-06,  2.34484147e-06,  1.00000000e+00]]),
np.array([[ 1.00100330e+00,  1.70674588e-03, -4.32854625e+00],
       [-1.95086786e-04,  1.00088889e+00, -1.53408673e-02],
       [ 9.98087556e-08,  6.08104165e-06,  1.00000000e+00]]),
np.array([[ 1.00099103e+00,  1.22337803e-03, -4.30581287e+00],
       [ 1.64796633e-04,  1.00052608e+00, -1.27258318e-01],
       [-3.33653033e-07,  4.40610221e-06,  1.00000000e+00]]),
np.array([[ 1.00120092e+00,  1.53839142e-03, -4.30581878e+00],
       [-2.95789376e-04,  1.00074890e+00,  5.86479253e-02],
       [ 7.62736313e-07,  5.08366389e-06,  1.00000000e+00]]),
np.array([[ 1.00137232e+00,  1.31783574e-03, -4.26578909e+00],
       [ 4.72296517e-04,  1.00097584e+00, -1.18089922e-01],
       [ 1.86111698e-06,  4.64533089e-06,  1.00000000e+00]]),
np.array([[ 1.00178491e+00,  1.69268882e-03, -4.39559446e+00],
       [ 2.90311348e-05,  1.00160588e+00,  2.40827671e-02],
       [ 2.88827638e-06,  8.45085423e-06,  1.00000000e+00]]),
np.array([[ 1.00129427e+00,  1.07020958e-03, -4.34998028e+00],
       [ 4.17384547e-04,  1.00073423e+00, -1.26786607e-01],
       [ 1.57264275e-06,  3.73927240e-06,  1.00000000e+00]]),
np.array([[ 1.00138013e+00,  1.62330235e-03, -4.31313274e+00],
       [ 3.34234833e-05,  1.00124239e+00, -4.63721814e-02],
       [ 1.04477514e-06,  7.27064220e-06,  1.00000000e+00]]),
np.array([[ 1.00097248e+00,  1.18276439e-03, -4.28323847e+00],
       [ 3.36442798e-05,  1.00037537e+00, -3.70277389e-02],
       [ 6.49664012e-07,  2.69977165e-06,  1.00000000e+00]]),
np.array([[ 1.00063014e+00,  1.24652989e-03, -4.24433190e+00],
       [-7.45236921e-05,  1.00061494e+00, -4.59556079e-02],
       [ 4.68557543e-07,  3.07359123e-06,  1.00000000e+00]]),
np.array([[ 1.00058778e+00,  1.13752044e-03, -4.23449305e+00],
       [-2.13058980e-04,  1.00033070e+00, -7.40038271e-02],
       [ 1.18586544e-07,  1.81021971e-06,  1.00000000e+00]]),
np.array([[ 1.00024175e+00,  1.63043184e-03, -4.24387539e+00],
       [-4.26559201e-04,  1.00057005e+00, -1.75259420e-02],
       [-1.44665170e-07,  3.23932802e-06,  1.00000000e+00]]),
np.array([[ 1.00090459e+00,  1.39761530e-03, -4.21696045e+00],
       [-1.16033719e-04,  1.00080145e+00, -1.17095357e-01],
       [ 1.67024093e-06,  4.17662803e-06,  1.00000000e+00]]),
np.array([[ 1.00119913e+00,  1.35848042e-03, -4.23924932e+00],
       [ 6.76830591e-06,  1.00119403e+00, -7.19654728e-02],
       [ 2.23587447e-06,  5.68291114e-06,  1.00000000e+00]]),
np.array([[ 1.00126769e+00,  1.60292801e-03, -4.34630986e+00],
       [ 1.09723107e-04,  1.00134859e+00, -8.87212296e-02],
       [ 2.37642328e-06,  7.29082842e-06,  1.00000000e+00]]),
np.array([[ 1.00046477e+00,  1.50080903e-03, -4.08256902e+00],
       [-1.30164812e-04,  1.00096541e+00,  6.18229677e-02],
       [ 4.52200838e-07,  6.21962843e-06,  1.00000000e+00]]),
np.array([[ 1.00051803e+00,  1.07530074e-03, -3.47544883e+00],
       [ 1.31252317e-04,  1.00075661e+00, -7.38860554e-02],
       [-8.80612578e-07,  6.23661888e-06,  1.00000000e+00]]),
np.array([[ 1.00041619e+00,  5.89970792e-04, -2.87793208e+00],
       [ 2.64654535e-04,  1.00043486e+00, -7.24602328e-02],
       [ 1.20110902e-06,  2.66965445e-06,  1.00000000e+00]]),
np.array([[ 1.00041897e+00,  7.84338048e-04, -2.31527216e+00],
       [-7.93986911e-06,  1.00073665e+00, -1.31849115e-02],
       [ 4.92533788e-07,  4.30770998e-06,  1.00000000e+00]]),
np.array([[ 9.99131692e-01, -1.48828981e-04, -1.64726998e+00],
       [-9.44493477e-05,  9.99244294e-01,  1.83724496e-02],
       [-2.62658991e-06, -1.29408863e-06,  1.00000000e+00]]),
np.array([[ 1.00074813e+00,  2.32376626e-04, -1.23289727e+00],
       [ 1.03668864e-04,  1.00049889e+00, -4.31159107e-02],
       [ 2.14506093e-06,  1.38988058e-06,  1.00000000e+00]]),
np.array([[ 1.00010282e+00,  1.44270261e-04, -6.10072843e-01],
       [ 1.26101138e-04,  1.00028395e+00, -2.18450398e-02],
       [ 4.98647728e-07,  9.93646185e-07,  1.00000000e+00]]),
np.array([[ 9.99804375e-01, -2.91489156e-04, -8.24473949e-02],
       [-4.25386608e-05,  9.99836810e-01,  4.81809565e-03],
       [-5.97922788e-07, -1.06780888e-06,  1.00000000e+00]]),
np.array([[ 1.00026669e+00, -1.60701490e-04,  2.80357100e-01],
       [ 1.64593254e-05,  1.00013677e+00, -1.04388934e-02],
       [ 1.04551990e-06, -1.67414022e-07,  1.00000000e+00]])]