[[[ 9.88849072e-01 -1.58745430e-03  6.89747241e-01]
 [-7.17141003e-03  9.86999991e-01  3.31308455e-01]
 [-3.76238383e-05 -1.25670882e-05  1.00000000e+00]],
[[ 9.98851518e-01 -1.08298294e-03  1.71238601e-01]
 [-1.19511829e-03  9.95760528e-01 -8.95123790e-01]
 [-8.84468902e-08 -7.46947359e-06  1.00000000e+00]],
[[ 9.99586511e-01 -1.07067588e-03  1.18896848e-01]
 [-1.25075795e-03  9.96347610e-01 -1.03582412e+00]
 [ 1.50050769e-06 -7.42199693e-06  1.00000000e+00]],
[[ 1.00013483e+00 -1.93370759e-04  1.09164428e-02]
 [-1.04593029e-03  9.99595105e-01 -1.43885587e+00]
 [ 6.39979715e-07 -1.68173730e-06  1.00000000e+00]],
[[ 9.84002703e-01 -6.49609468e-03  1.31808385e+00]
 [-3.92905311e-03  9.70817452e-01  1.47287300e+00]
 [-2.00223579e-05 -6.59933823e-05  1.00000000e+00]],
[[ 1.00192426e+00  1.31588673e-03 -2.16014096e-01]
 [-3.82528437e-03  1.00310637e+00 -1.32808560e+00]
 [ 1.02374638e-06  9.47392495e-06  1.00000000e+00]],
[[ 9.97878614e-01 -8.94739835e-04  1.54305352e-01]
 [-1.20192632e-03  9.91388825e-01 -4.15902052e-01]
 [-9.65901814e-07 -1.20849062e-05  1.00000000e+00]],
[[ 9.89768194e-01  7.40685591e-04  2.72290918e-01]
 [-9.39697205e-03  9.91805834e-01 -1.57913295e-01]
 [-3.30621385e-05 -1.35540124e-05  1.00000000e+00]],
[[ 9.97031114e-01  6.98749652e-03 -3.21809286e-01]
 [-1.78553043e-03  9.98320050e-01 -1.04451555e+00]
 [-2.01059367e-05  3.20547235e-05  1.00000000e+00]],
[[ 9.93193051e-01  3.23897748e-03  3.76380814e-01]
 [-1.79887616e-03  1.00496912e+00 -2.65969868e+00]
 [-2.22914302e-05  1.48419491e-05  1.00000000e+00]],
[[ 9.98890685e-01 -9.28406257e-04  1.04144013e-01]
 [-3.21314372e-03  9.93793726e-01 -6.70148068e-01]
 [ 2.05065230e-06 -1.21445312e-05  1.00000000e+00]],
[[ 9.89651270e-01 -4.58989663e-03  1.04953731e+00]
 [-1.68490556e-03  9.84221300e-01 -4.45794418e-01]
 [-1.60100066e-05 -3.60789068e-05  1.00000000e+00]],
[[ 1.02935531e+00  1.37329195e-02 -3.35677281e+00]
 [ 8.49702592e-03  1.03626145e+00 -5.72448955e+00]
 [ 4.38210106e-05  9.27037295e-05  1.00000000e+00]],
[[ 9.97630589e-01 -1.26546811e-03  2.00349184e-01]
 [-2.48951216e-03  9.92843868e-01 -9.55800587e-01]
 [-2.42382794e-06 -1.21252475e-05  1.00000000e+00]],
[[ 9.92999715e-01 -2.26657092e-04  3.83968529e-01]
 [-5.54296768e-03  9.93715322e-01 -9.59686406e-01]
 [-2.40823376e-05 -4.60900579e-06  1.00000000e+00]],
[[ 1.00409015e+00 -3.92439381e-05 -1.83955596e-01]
 [ 1.40839032e-03  9.97840762e-01 -1.61554224e+00]
 [ 1.87429898e-05 -1.45477799e-06  1.00000000e+00]],
[[ 9.79959750e-01 -2.17994761e-03  1.04696527e+00]
 [-9.69715433e-03  9.77141591e-01  4.18948273e-01]
 [-5.64277874e-05 -3.91343133e-05  1.00000000e+00]],
[[ 1.00006742e+00 -3.98041082e-04  3.70999750e-02]
 [ 1.37747470e-03  1.00052264e+00 -2.59092537e+00]
 [ 1.41049430e-06 -2.77788514e-06  1.00000000e+00]],
[[ 1.01461708e+00  6.15779582e-04 -5.11875542e-01]
 [ 2.05118184e-03  1.01143820e+00 -2.73588164e+00]
 [ 3.34537438e-05  3.70878620e-05  1.00000000e+00]],
[[ 1.00155991e+00  3.76707571e-04 -1.30709090e-01]
 [-1.36640491e-03  9.99282853e-01 -1.80550185e+00]
 [ 3.89010904e-06  2.44313891e-06  1.00000000e+00]],
[[ 9.97738392e-01 -2.38320346e-03  3.19034313e-01]
 [-1.21285824e-03  9.92600250e-01 -1.27620014e+00]
 [ 4.33646062e-06 -2.25926814e-05  1.00000000e+00]],
[[ 9.99470817e-01 -6.63404256e-04  1.46300258e-01]
 [-3.60989713e-03  9.95771314e-01 -1.26413981e+00]
 [-1.38334239e-06 -5.50959467e-07  1.00000000e+00]],
[[ 1.01088280e+00  1.71060407e-03 -6.18465869e-01]
 [ 1.43168529e-03  1.00643640e+00 -2.28322304e+00]
 [ 3.05070564e-05  2.35514491e-05  1.00000000e+00]],
[[ 9.97275090e-01  2.90459779e-04  1.35814838e-01]
 [-4.65611820e-03  9.96850566e-01 -1.31181741e+00]
 [-1.65472335e-05  6.84740782e-06  1.00000000e+00]],
[[ 9.97105044e-01  1.41444571e-03  8.24875333e-02]
 [-8.61341806e-03  1.00071126e+00 -1.27318956e+00]
 [-2.97036865e-05  2.39569040e-05  1.00000000e+00]],
[[ 9.87464942e-01 -3.74559234e-03  8.69248250e-01]
 [-7.29051203e-03  9.84065790e-01 -4.72652669e-01]
 [-2.57620485e-05 -4.30994050e-05  1.00000000e+00]],
[[ 1.00352707e+00  4.66188194e-04 -1.44538983e-01]
 [-2.10772824e-04  9.99113655e-01 -1.73879849e+00]
 [ 7.50260051e-06  1.15480010e-05  1.00000000e+00]],
[[ 1.00071538e+00 -1.72811478e-03  9.63220611e-02]
 [-1.19083142e-03  9.96191354e-01 -1.44973449e+00]
 [ 5.68409810e-06 -8.75533718e-06  1.00000000e+00]],
[[ 9.85139553e-01 -4.73745997e-03  1.00941293e+00]
 [-8.46521750e-03  9.77607261e-01  2.34345612e-01]
 [-3.20988865e-05 -5.58169437e-05  1.00000000e+00]],
[[ 1.00065932e+00  2.31354919e-03 -2.67628389e-01]
 [-2.96895050e-03  1.00278023e+00 -2.04704614e+00]
 [-8.25799943e-06  1.86706648e-05  1.00000000e+00]],
[[ 9.92480339e-01  8.34630275e-04  4.08705669e-01]
 [-5.98440277e-03  9.97142277e-01 -1.27322548e+00]
 [-3.42112430e-05  1.04721720e-05  1.00000000e+00]],
[[ 9.96926870e-01 -6.22322349e-04  1.80225379e-01]
 [-1.69563385e-03  9.94532038e-01 -1.33062030e+00]
 [-6.00904838e-06 -1.10665513e-05  1.00000000e+00]],
[[ 1.00444191e+00 -5.88593111e-04 -7.79528855e-02]
 [-8.07037593e-04  9.99243095e-01 -1.50560471e+00]
 [ 1.62835836e-05  4.42757900e-06  1.00000000e+00]],
[[ 1.01865968e+00  6.07861448e-03 -1.48731433e+00]
 [ 5.35091962e-03  1.02007628e+00 -3.73857806e+00]
 [ 3.93964289e-05  5.63978018e-05  1.00000000e+00]],
[[ 1.00105297e+00 -2.15381437e-03  1.22032351e-02]
 [ 1.87924713e-03  9.91401899e-01 -1.18243541e+00]
 [ 1.74514094e-05 -2.68125239e-05  1.00000000e+00]],
[[ 9.83372679e-01 -4.31536930e-03  9.72032801e-01]
 [-5.22584010e-03  9.80532540e-01 -4.79585690e-01]
 [-4.36647910e-05 -5.63963667e-05  1.00000000e+00]],
[[ 1.00022239e+00  1.24036467e-04  2.80316463e-03]
 [-1.39468500e-03  9.96794023e-01 -1.36181441e+00]
 [-6.64777095e-07  2.36505822e-06  1.00000000e+00]],
[[ 9.98023656e-01 -2.01903896e-03  2.68986198e-01]
 [-8.89472599e-04  9.92155473e-01 -1.25346504e+00]
 [ 5.34281406e-09 -1.54018679e-05  1.00000000e+00]],
[[ 9.88880472e-01  7.02574737e-03  4.67918781e-01]
 [-5.36424794e-03  1.00030822e+00 -1.46476165e+00]
 [-4.06446702e-05  2.92692693e-05  1.00000000e+00]],
[[ 9.97179780e-01 -2.34074703e-03  3.37449047e-01]
 [-1.18588090e-03  9.93812866e-01 -1.00357473e+00]
 [-2.56543128e-06 -1.72915453e-05  1.00000000e+00]],
[[ 9.99360574e-01 -6.40160899e-03  4.42348147e-01]
 [ 1.00597108e-03  9.87777778e-01 -7.09049841e-01]
 [ 2.64831639e-05 -5.53992278e-05  1.00000000e+00]],
[[ 9.99350457e-01 -1.46895855e-03  1.38928496e-01]
 [-1.26883468e-03  9.93901318e-01 -8.04568068e-01]
 [ 6.04037126e-06 -1.53948609e-05  1.00000000e+00]],
[[ 1.00027382e+00 -1.56337394e-03  1.14147019e-01]
 [-2.39867202e-03  9.95618105e-01 -7.49690530e-01]
 [ 5.44343604e-06 -9.99450767e-06  1.00000000e+00]],
[[ 9.96859545e-01 -1.78588040e-03  2.14273010e-01]
 [-2.53178567e-03  9.91904846e-01 -3.74155430e-01]
 [-3.85052851e-06 -1.95999444e-05  1.00000000e+00]],
[[ 9.99861298e-01 -1.93987538e-03  1.41904934e-01]
 [-2.01936363e-03  9.95992372e-01 -8.23424477e-01]
 [ 5.90379161e-06 -1.47366176e-05  1.00000000e+00]],
[[ 1.00040163e+00 -3.03760970e-03  1.65833644e-01]
 [-2.43299869e-04  9.95727909e-01 -1.03264219e+00]
 [ 8.00503739e-06 -2.03864178e-05  1.00000000e+00]],
[[ 1.00032581e+00 -1.64592741e-03  8.95163559e-02]
 [-5.30668356e-04  9.95954925e-01 -9.66043808e-01]
 [ 4.67901341e-06 -1.04884493e-05  1.00000000e+00]],
[[ 1.00351848e+00  2.84513521e-03 -6.08605094e-01]
 [-2.58067192e-04  1.00658538e+00 -7.49092037e-01]
 [-2.32483260e-06  2.09997337e-05  1.00000000e+00]],
[[ 1.00073667e+00  1.10695778e-03 -2.16082620e-01]
 [-6.64576485e-04  1.00150957e+00 -2.26600011e-01]
 [-4.35360733e-07  4.40663284e-06  1.00000000e+00]],
[[ 1.00035265e+00  8.15727320e-04 -1.43735906e-01]
 [-5.74027054e-04  1.00150227e+00 -1.52085113e-01]
 [-2.22732238e-06  5.60378188e-06  1.00000000e+00]],
[[ 1.00141069e+00 -2.42948513e-04 -1.78334749e-01]
 [-8.71713819e-05  1.00082729e+00 -1.25092793e-01]
 [ 1.41197372e-06  7.90897806e-07  1.00000000e+00]],
[[ 1.00122919e+00 -1.29980214e-03 -1.94614546e-02]
 [ 6.25058056e-04  9.99119037e-01  1.58471834e-02]
 [ 5.00158809e-06 -4.83697544e-06  1.00000000e+00]],
[[ 9.99251428e-01 -1.58124118e-03  4.16911197e-02]
 [-1.54584252e-04  9.96460391e-01  2.46350031e-01]
 [-5.83383867e-07 -1.25133545e-05  1.00000000e+00]],
[[ 9.99939387e-01 -2.51979293e-03  1.46022058e-01]
 [ 1.36086215e-04  9.97595979e-01  1.36735456e-01]
 [ 3.21740368e-06 -1.32519349e-05  1.00000000e+00]],
[[ 1.00106136e+00 -1.80940392e-03  1.21856225e-02]
 [ 1.31775692e-04  9.98900530e-01  1.10410820e-01]
 [ 6.32964282e-06 -1.07823962e-05  1.00000000e+00]],
[[ 9.96463573e-01 -3.57922551e-03  3.90723105e-01]
 [-1.67982123e-03  9.93372220e-01  6.37503577e-01]
 [-2.89038041e-06 -2.74302823e-05  1.00000000e+00]],
[[ 9.93939217e-01 -3.05524470e-03  5.26412626e-01]
 [-1.94072285e-03  9.97378209e-01  1.69334888e-01]
 [-1.33853875e-05 -2.52535222e-05  1.00000000e+00]],
[[ 9.96975574e-01 -4.11690458e-03  4.16880756e-01]
 [-5.11209174e-03  9.89648432e-01  1.74300022e+00]
 [-6.36647504e-07 -2.93289596e-05  1.00000000e+00]],
[[ 1.00026941e+00 -1.29146614e-03  5.37801311e-02]
 [-7.00494237e-03  9.96948355e-01  2.01646540e+00]
 [ 3.43666770e-06 -9.28868215e-06  1.00000000e+00]],
[[ 1.00706942e+00  2.48698266e-03 -4.04853059e-01]
 [-1.05641878e-03  1.01607182e+00  2.07015326e-01]
 [ 1.10953223e-05  4.17892729e-05  1.00000000e+00]],
[[ 9.90449481e-01 -1.78864705e-03  5.39076059e-01]
 [-2.85386935e-03  9.95515731e-01  1.65451992e+00]
 [-3.69682136e-05 -1.10708651e-05  1.00000000e+00]],
[[ 1.01149383e+00 -4.52597855e-03 -3.27219966e-01]
 [ 6.96287195e-03  1.00176485e+00  1.00274165e+00]
 [ 5.06528790e-05 -1.86700792e-05  1.00000000e+00]],
[[ 1.00614171e+00 -7.14366942e-03 -8.80533024e-03]
 [ 7.30524293e-03  9.92681762e-01  1.41276424e+00]
 [ 2.53091534e-05 -2.82342876e-05  1.00000000e+00]],
[[ 9.99134323e-01  3.56076335e-04 -2.47110235e-02]
 [-2.89856202e-03  9.95558010e-01  2.38192198e+00]
 [-3.50888981e-06 -4.24169725e-07  1.00000000e+00]],
[[ 9.90705567e-01 -3.10851482e-03  6.72709427e-01]
 [-1.73680535e-03  9.91811938e-01  1.88020173e+00]
 [-2.29836790e-05 -3.07538195e-05  1.00000000e+00]],
[[ 1.00327144e+00  1.31744367e-03 -2.39100590e-01]
 [ 3.54881519e-03  1.00615545e+00  6.04836657e-01]
 [ 4.41902657e-06  1.66515433e-05  1.00000000e+00]],
[[ 9.88019588e-01  2.27031614e-03  4.48661964e-01]
 [-5.24515249e-03  1.00221078e+00  1.22399807e+00]
 [-5.20152141e-05  1.00669205e-05  1.00000000e+00]],
[[ 9.99304170e-01  2.51345706e-04  2.68253838e-02]
 [-7.16317040e-04  9.99155721e-01  1.83405043e+00]
 [-4.12110290e-06  1.70296927e-06  1.00000000e+00]],
[[ 9.97218725e-01 -2.84783811e-03  4.32956852e-01]
 [ 2.75050584e-03  9.90229167e-01  2.44552465e+00]
 [ 2.64098833e-07 -1.94094902e-05  1.00000000e+00]],
[[ 1.01335629e+00  4.97192227e-03 -8.12508346e-01]
 [ 3.66739552e-03  1.02053152e+00  7.76928012e-02]
 [ 1.41339669e-05  7.43774820e-05  1.00000000e+00]],
[[ 9.99281195e-01 -4.85455070e-04  6.00819272e-02]
 [ 2.00589423e-03  9.97459755e-01  1.57789252e+00]
 [-6.31059157e-07 -4.88414808e-06  1.00000000e+00]],
[[ 1.00088211e+00  8.88414737e-04 -1.11920247e-01]
 [ 1.02716719e-03  1.00284957e+00  1.23144728e+00]
 [-1.19948241e-06  8.62061915e-06  1.00000000e+00]],
[[ 9.88298444e-01 -3.61507112e-03  8.71864172e-01]
 [-1.85898348e-03  9.88392899e-01  2.19581498e+00]
 [-2.95843704e-05 -3.40718700e-05  1.00000000e+00]],
[[ 9.72536644e-01 -1.04582521e-02  2.57418615e+00]
 [-4.34511058e-03  9.81381352e-01  2.30832910e+00]
 [-7.20303138e-05 -6.29054742e-05  1.00000000e+00]],
[[ 9.97340684e-01 -1.41455493e-02  2.71532519e+00]
 [-1.18726975e-03  1.00660445e+00  9.49001836e-01]
 [-1.53562855e-05  1.61722365e-05  1.00000000e+00]],
[[ 1.01040661e+00 -8.37752803e-03  2.49924452e+00]
 [ 6.84291884e-03  1.00916104e+00  1.80774431e-01]
 [ 4.01490679e-05  1.66794617e-05  1.00000000e+00]],
[[ 1.00615570e+00 -1.53669633e-04  1.77953081e+00]
 [ 5.84849232e-03  1.00542325e+00  8.26392658e-01]
 [ 2.13918408e-06  3.27183814e-05  1.00000000e+00]],
[[ 1.01816562e+00 -4.29023076e-03  1.85340514e+00]
 [ 9.38348915e-03  9.99675808e-01  9.84483141e-01]
 [ 7.05989962e-05 -5.90303895e-06  1.00000000e+00]],
[[ 9.98668367e-01 -5.77401828e-03  2.90791456e+00]
 [ 5.86490539e-04  9.93415551e-01  3.61725754e-01]
 [ 5.39969251e-06 -3.00901636e-05  1.00000000e+00]],
[[ 1.00427978e+00 -6.04311262e-03  3.09747873e+00]
 [ 1.26739914e-03  1.00419437e+00 -3.84436312e-01]
 [ 8.81478670e-06  8.28303877e-06  1.00000000e+00]],
[[ 1.00305702e+00 -4.18709883e-03  2.44838647e+00]
 [ 2.26892349e-03  9.96587287e-01  7.16683844e-02]
 [ 1.17636074e-05 -1.49456366e-05  1.00000000e+00]],
[[ 1.00267895e+00 -4.08981573e-03  2.02679973e+00]
 [ 4.87021358e-04  9.96756205e-01  1.55263101e-01]
 [ 2.83504430e-06 -1.35304094e-05  1.00000000e+00]],
[[ 9.93277880e-01  8.33211465e-03  9.23886169e-01]
 [-6.33041229e-03  1.00232534e+00  2.43935346e-01]
 [-5.17886191e-05  3.50389225e-05  1.00000000e+00]],
[[ 9.59843555e-01 -2.16109364e-02  5.71655803e+00]
 [-4.04496118e-03  9.47448343e-01  2.90180491e+00]
 [-8.46359610e-05 -1.48335518e-04  1.00000000e+00]],
[[ 9.79234549e-01 -1.49892113e-02  4.52024697e+00]
 [ 2.58327677e-03  9.66927361e-01  1.23772631e+00]
 [-2.19740708e-05 -1.13210934e-04  1.00000000e+00]],
[[ 1.01150814e+00  2.45693061e-03  1.02757795e+00]
 [ 7.55708014e-04  1.01019194e+00 -6.51321110e-01]
 [ 1.33766975e-06  4.58606533e-05  1.00000000e+00]],
[[ 1.00474109e+00  3.31362135e-03  1.21901766e+00]
 [-3.15940743e-04  1.00394021e+00 -1.66623621e-01]
 [-3.12871582e-06  2.17543565e-05  1.00000000e+00]],
[[ 1.00710046e+00  1.84180168e-03  2.05426398e+00]
 [-1.43295265e-03  1.02436463e+00 -1.52930384e+00]
 [-1.18954105e-05  9.70864993e-05  1.00000000e+00]],
[[ 1.01317673e+00  3.87815163e-03  8.80783158e-01]
 [ 2.81662303e-03  1.00864281e+00 -6.65233740e-01]
 [ 2.52946346e-05  2.41730471e-05  1.00000000e+00]],
[[ 1.02857591e+00  1.17430610e-02 -3.72510612e-01]
 [ 4.24477154e-03  1.02976294e+00 -1.76220743e+00]
 [ 4.53834476e-05  1.12148955e-04  1.00000000e+00]],
[[ 9.63824478e-01 -1.10726486e-02  3.79337041e+00]
 [-1.26511329e-03  9.37841925e-01  3.32233688e+00]
 [-4.77013446e-05 -2.07888182e-04  1.00000000e+00]],
[[ 1.00905950e+00  3.51261645e-04  1.46193509e+00]
 [ 2.63976188e-03  1.00280502e+00 -6.54294611e-01]
 [ 1.83850410e-05  7.40415554e-06  1.00000000e+00]],
[[ 9.82984038e-01 -7.17316120e-03  3.07293904e+00]
 [ 2.82693205e-03  9.68927566e-01  1.15254069e+00]
 [-2.20205894e-05 -8.92352074e-05  1.00000000e+00]],
[[ 1.01098497e+00  7.04295551e-03  8.57027758e-01]
 [ 1.75659055e-03  1.01176193e+00 -1.82909095e+00]
 [ 5.58408444e-06  5.29787244e-05  1.00000000e+00]],
[[ 9.95072899e-01 -3.09801382e-03  2.42864782e+00]
 [-2.09241028e-03  9.93003674e-01 -5.93087615e-01]
 [-1.18405758e-05 -2.09002288e-05  1.00000000e+00]],
[[ 1.00122064e+00 -4.83032293e-03  2.47774726e+00]
 [ 2.46409988e-03  9.95799040e-01 -1.13457385e+00]
 [ 1.64307892e-05 -2.04360871e-05  1.00000000e+00]],
[[ 9.90233684e-01 -7.82449424e-03  2.92168715e+00]
 [-3.06263682e-03  9.80201064e-01  3.54199422e-01]
 [-1.07741233e-05 -6.61127155e-05  1.00000000e+00]],
[[ 9.89629461e-01  4.94146423e-03  1.63162524e+00]
 [-4.47005246e-03  9.91895076e-01 -4.24229143e-01]
 [-3.89380585e-05 -4.06681992e-06  1.00000000e+00]],
[[ 1.00674124e+00  6.69754601e-03  6.29965907e-01]
 [ 3.15051820e-04  1.01104471e+00 -2.41242351e+00]
 [ 1.36895924e-05  2.48091742e-05  1.00000000e+00]],
[[ 9.90634198e-01  1.44090740e-03  1.61924316e+00]
 [-2.86354443e-03  9.92088965e-01 -7.55296198e-01]
 [-3.23615076e-05 -1.51804581e-05  1.00000000e+00]]]